4.848952	1337.36018	1337.35854	1243.5051	1243.50346	
4.855801	1337.36115	1337.35854	1243.50607	1243.50346	
4.865939	1337.36331	1337.35854	1243.50823	1243.50346	
4.875954	1337.36605	1337.35854	1243.51097	1243.50346	
4.886212	1337.36949	1337.35854	1243.5144	1243.50346	
4.896226	1337.37344	1337.35854	1243.51836	1243.50346	
4.906337	1337.37804	1337.35854	1243.52296	1243.51219	
4.9165	1337.38329	1337.35854	1243.52821	1243.51219	
4.926611	1337.38913	1337.36727	1243.53405	1243.51219	
4.936738	1337.39559	1337.36727	1243.54051	1243.51219	
4.947116	1337.40287	1337.36727	1243.54778	1243.51219	
4.9571	1337.41045	1337.37599	1243.55537	1243.51219	
4.967206	1337.41874	1337.38472	1243.56366	1243.51219	
4.977329	1337.42767	1337.39345	1243.57259	1243.51219	
4.987442	1337.43719	1337.39345	1243.58211	1243.51219	
4.997728	1337.44753	1337.40217	1243.59245	1243.51219	
5.00775	1337.45819	1337.4109	1243.60311	1243.52091	
5.017834	1337.46952	1337.42835	1243.61444	1243.52964	
5.027963	1337.48153	1337.43708	1243.62645	1243.52964	
5.038091	1337.49415	1337.45453	1243.63907	1243.54709	
5.048447	1337.50771	1337.46326	1243.65263	1243.55582	
5.058764	1337.52186	1337.48071	1243.66677	1243.57327	
5.068578	1337.53586	1337.48944	1243.68078	1243.582	
5.07869	1337.55092	1337.50689	1243.69584	1243.59945	
5.088842	1337.56667	1337.51562	1243.71159	1243.61691	
5.098998	1337.58303	1337.53307	1243.72795	1243.63436	
5.109132	1337.59998	1337.55053	1243.7449	1243.65181	
5.11926	1337.61753	1337.56798	1243.76245	1243.66927	
5.129404	1337.63573	1337.58543	1243.78065	1243.68672	
5.139507	1337.65447	1337.60289	1243.79939	1243.7129	
5.149673	1337.67395	1337.62907	1243.81887	1243.73035	
5.159904	1337.69418	1337.65525	1243.8391	1243.75653	
5.170014	1337.71477	1337.6727	1243.85969	1243.77398	
5.180186	1337.73613	1337.69015	1243.88105	1243.80016	
5.19036	1337.7581	1337.71633	1243.90302	1243.82634	
5.200424	1337.78044	1337.74251	1243.92536	1243.8438	
5.210531	1337.80349	1337.75997	1243.94841	1243.86998	
5.220731	1337.82738	1337.79487	1243.9723	1243.89616	
5.230839	1337.85166	1337.82105	1243.99658	1243.92234	
5.24093	1337.87652	1337.84723	1244.02144	1243.94852	
5.251115	1337.90223	1337.87341	1244.04715	1243.9747	
5.261589	1337.92935	1337.89959	1244.07427	1244.00088	
5.271428	1337.95537	1337.9345	1244.10028	1244.03578	
5.281562	1337.98279	1337.96068	1244.12771	1244.06196	
5.291865	1338.01133	1337.98686	1244.15625	1244.08814	
5.302051	1338.04015	1338.02176	1244.18507	1244.12305	
5.312129	1338.06928	1338.05667	1244.2142	1244.15796	
5.322266	1338.0992	1338.08285	1244.24412	1244.19286	
5.332371	1338.12963	1338.10903	1244.27455	1244.22777	
5.342528	1338.16085	1338.14394	1244.30577	1244.26268	
5.353773	1338.19621	1338.17884	1244.34113	1244.29758	
5.362993	1338.22564	1338.21375	1244.37056	1244.33249	
5.373004	1338.25821	1338.24866	1244.40313	1244.3674	
5.383112	1338.29173	1338.27484	1244.43665	1244.4023	
5.393204	1338.32582	1338.30974	1244.47074	1244.43721	
5.403394	1338.36085	1338.34465	1244.50577	1244.47212	
5.413514	1338.39625	1338.37956	1244.54117	1244.50702	
5.423757	1338.43273	1338.41446	1244.57765	1244.54193	
5.433835	1338.46921	1338.44937	1244.61413	1244.57684	
5.443931	1338.50637	1338.48428	1244.65129	1244.62047	
5.455036	1338.54804	1338.51918	1244.69296	1244.65538	
5.464294	1338.58343	1338.56282	1244.72835	1244.69901	
5.474417	1338.62232	1338.59772	1244.76724	1244.73392	
5.484559	1338.66214	1338.63263	1244.80706	1244.77755	
5.494689	1338.7025	1338.67626	1244.84742	1244.82118	
5.504839	1338.74361	1338.7199	1244.88853	1244.85609	
5.514955	1338.78514	1338.7548	1244.93006	1244.89972	
5.525114	1338.82747	1338.79844	1244.97239	1244.94336	
5.535196	1338.8701	1338.84207	1245.01502	1244.98699	
5.545342	1338.91363	1338.87698	1245.05855	1245.03062	
5.556312	1338.96147	1338.92061	1245.10639	1245.07426	
5.565704	1339.00287	1338.96424	1245.14779	1245.11789	
5.575814	1339.04808	1339.00788	1245.193	1245.17025	
5.585888	1339.09373	1339.05151	1245.23865	1245.21388	
5.595988	1339.14012	1339.10387	1245.28504	1245.25751	
5.60621	1339.18773	1339.1475	1245.33265	1245.30115	
5.616263	1339.2351	1339.19114	1245.38002	1245.34478	
5.626391	1339.28347	1339.23477	1245.42839	1245.38841	
5.636529	1339.33251	1339.2784	1245.47743	1245.44077	
5.646631	1339.38199	1339.33076	1245.52691	1245.48441	
5.657516	1339.43606	1339.38312	1245.58098	1245.53677	
5.667299	1339.48514	1339.42675	1245.63006	1245.58913	
5.677226	1339.53559	1339.47911	1245.6805	1245.64149	
5.68736	1339.58769	1339.53147	1245.73261	1245.69385	
5.697443	1339.64013	1339.58383	1245.78505	1245.74621	
5.707734	1339.69449	1339.62747	1245.83941	1245.79857	
5.717736	1339.74756	1339.68855	1245.89248	1245.85093	
5.727883	1339.80219	1339.74091	1245.94711	1245.90329	
5.738015	1339.85736	1339.79327	1246.00228	1245.95565	
5.74811	1339.91297	1339.84563	1246.05789	1246.01673	
5.767225	1340.02096	1339.95035	1246.16588	1246.12145	
5.77167	1340.04594	1339.97653	1246.19086	1246.14763	
5.781775	1340.10363	1340.02889	1246.24855	1246.19999	
5.791907	1340.16206	1340.08125	1246.30698	1246.26108	
5.801993	1340.22087	1340.14234	1246.36579	1246.32217	
5.81219	1340.28093	1340.20343	1246.42585	1246.39198	
5.822385	1340.34162	1340.25579	1246.48654	1246.45307	
5.832406	1340.40186	1340.3256	1246.54678	1246.51415	
5.842569	1340.46357	1340.38669	1246.60849	1246.57524	
5.852672	1340.52555	1340.44777	1246.67047	1246.63632	
5.864022	1340.59598	1340.52631	1246.7409	1246.70614	
5.874262	1340.66013	1340.5874	1246.80505	1246.77595	
5.884391	1340.72418	1340.65721	1246.86909	1246.84576	
5.894542	1340.78898	1340.72702	1246.9339	1246.90685	
5.904815	1340.85524	1340.78811	1247.00016	1246.96794	
5.914797	1340.92015	1340.85792	1247.06507	1247.02902	
5.924945	1340.9868	1340.91901	1247.13172	1247.09884	
5.93504	1341.0537	1340.98882	1247.19862	1247.15992	
5.945159	1341.12138	1341.05864	1247.2663	1247.22974	
5.955246	1341.18951	1341.12845	1247.33443	1247.29955	
5.965533	1341.25955	1341.19826	1247.40447	1247.36936	
5.975686	1341.32931	1341.26808	1247.47423	1247.43918	
5.985739	1341.399	1341.33789	1247.54392	1247.50899	
5.995857	1341.46973	1341.4077	1247.61465	1247.5788	
6.006195	1341.54268	1341.48624	1247.6876	1247.65734	
6.016125	1341.61332	1341.56478	1247.75824	1247.72716	
6.02624	1341.68587	1341.6346	1247.83079	1247.79697	
6.03637	1341.75918	1341.71314	1247.9041	1247.87551	
6.046521	1341.83325	1341.79168	1247.97817	1247.94532	
6.056633	1341.90769	1341.86149	1248.05261	1248.02386	
6.082817	1342.10572	1341.94003	1248.25064	1248.22457	
6.087237	1342.13894	1342.10583	1248.28386	1248.25948	
6.09759	1342.21767	1342.18437	1248.36259	1248.33802	
6.107746	1342.2955	1342.26291	1248.44042	1248.41656	
6.11762	1342.37174	1342.324	1248.51666	1248.4951	
6.127824	1342.45115	1342.39381	1248.59607	1248.57364	
6.137904	1342.53026	1342.46363	1248.67518	1248.65218	
6.147999	1342.61004	1342.54217	1248.75496	1248.73072	
6.158215	1342.69145	1342.62071	1248.83637	1248.80926	
6.176499	1342.83959	1342.76906	1248.98451	1248.95761	
6.180954	1342.87558	1342.80397	1249.0205	1248.99252	
6.191056	1342.95807	1342.89123	1249.10299	1249.07979	
6.201128	1343.04088	1342.9785	1249.1858	1249.16705	
6.211266	1343.12488	1343.06577	1249.2698	1249.25432	
6.221435	1343.20976	1343.15303	1249.35468	1249.34159	
6.231563	1343.2949	1343.24903	1249.43982	1249.42885	
6.241695	1343.38068	1343.33629	1249.5256	1249.51612	
6.251792	1343.46703	1343.43229	1249.61195	1249.60338	
6.261965	1343.5542	1343.51955	1249.69912	1249.69065	
6.272155	1343.64241	1343.60682	1249.78733	1249.77792	
6.282279	1343.73055	1343.70281	1249.87547	1249.86518	
6.301703	1343.90256	1343.87734	1250.04748	1250.03972	
6.306056	1343.94099	1343.92098	1250.08591	1250.07462	
6.316218	1344.03162	1344.00824	1250.17654	1250.16189	
6.32638	1344.12282	1344.10424	1250.26773	1250.25788	
6.336436	1344.21369	1344.20023	1250.35861	1250.34515	
6.346578	1344.30594	1344.2875	1250.45086	1250.44114	
6.356672	1344.3984	1344.37476	1250.54332	1250.52841	
6.37633	1344.58136	1344.47076	1250.72628	1250.71167	
6.380999	1344.62466	1344.60166	1250.76958	1250.7553	
6.391491	1344.72298	1344.70638	1250.8679	1250.85129	
6.401253	1344.81493	1344.79364	1250.95985	1250.94729	
6.411367	1344.91085	1344.87218	1251.05577	1251.03455	
6.421549	1345.00811	1344.95072	1251.15303	1251.12182	
6.439584	1345.18264	1345.09907	1251.32756	1251.28763	
6.443948	1345.2248	1345.13398	1251.36972	1251.33126	
6.45409	1345.3236	1345.22997	1251.46852	1251.43598	
6.464169	1345.4224	1345.32597	1251.56732	1251.53197	
6.474436	1345.5238	1345.43069	1251.66872	1251.62797	
6.484577	1345.62435	1345.53541	1251.76927	1251.72396	
6.494713	1345.72556	1345.64013	1251.87048	1251.82868	
6.504792	1345.8268	1345.75357	1251.97172	1251.92467	
6.514879	1345.92879	1345.85829	1252.07371	1252.02939	
6.525095	1346.03264	1345.96301	1252.17756	1252.13411	
6.535175	1346.13574	1346.07646	1252.28066	1252.23883	
6.545313	1346.24007	1346.18991	1252.38499	1252.34355	
6.55548	1346.34529	1346.29463	1252.49021	1252.44827	
6.568383	1346.48001	1346.40807	1252.62493	1252.55299	
6.5839	1346.6435	1346.60878	1252.78841	1252.76243	
6.596152	1346.77334	1346.74841	1252.91826	1252.89333	
6.600471	1346.81912	1346.79204	1252.96404	1252.94569	
6.610595	1346.92724	1346.90549	1253.07216	1253.05914	
6.632156	1347.16112	1347.14984	1253.30604	1253.29476	
6.636551	1347.20865	1347.2022	1253.35357	1253.34712	
6.646687	1347.31911	1347.31564	1253.46403	1253.46056	
6.66466	1347.51735	1347.42909	1253.66227	1253.65255	
6.669598	1347.57181	1347.56872	1253.71673	1253.69618	
6.679578	1347.68254	1347.68216	1253.82746	1253.8009	
6.689538	1347.79358	1347.78688	1253.9385	1253.90562	
6.699473	1347.90496	1347.88287	1254.04988	1254.01034	
6.709608	1348.01923	1347.97887	1254.16415	1254.12379	
6.719775	1348.1345	1348.08359	1254.27942	1254.23723	
6.72989	1348.24978	1348.18831	1254.3947	1254.35068	
6.740033	1348.366	1348.30175	1254.51091	1254.4554	
6.750192	1348.48301	1348.4152	1254.62793	1254.56885	
6.760287	1348.59989	1348.52865	1254.74481	1254.68229	
6.770803	1348.72242	1348.65082	1254.86734	1254.80447	
6.78063	1348.83738	1348.77299	1254.9823	1254.91791	
6.79075	1348.95639	1348.88644	1255.1013	1255.04009	
6.800858	1349.07584	1349.00861	1255.22076	1255.16226	
6.810995	1349.19633	1349.13079	1255.34125	1255.2757	
6.821131	1349.3174	1349.26168	1255.46232	1255.39788	
6.831236	1349.43872	1349.38386	1255.58364	1255.52005	
6.841385	1349.56048	1349.50603	1255.7054	1255.64222	
6.851508	1349.68195	1349.6282	1255.82687	1255.7644	
6.86167	1349.8039	1349.7591	1255.94882	1255.8953	
6.873075	1349.94082	1349.89	1256.08574	1256.0262	
6.890279	1350.14728	1350.1169	1256.2922	1256.25309	
6.894736	1350.20071	1350.17798	1256.34563	1256.31418	
6.904813	1350.32163	1350.30888	1256.46655	1256.44508	
6.914949	1350.44326	1350.43106	1256.58818	1256.56725	
6.92507	1350.56474	1350.56196	1256.70966	1256.68942	
6.935206	1350.68635	1350.69285	1256.83127	1256.82032	
6.945328	1350.80779	1350.81503	1256.95271	1256.95122	
6.955499	1350.92984	1350.94593	1257.07476	1257.07339	
6.965586	1351.05089	1351.07683	1257.19581	1257.19557	
6.976197	1351.17829	1351.199	1257.32321	1257.33519	
6.985887	1351.2946	1351.32117	1257.43952	1257.44864	
6.995995	1351.41585	1351.45207	1257.56077	1257.57954	
7.006125	1351.53735	1351.57425	1257.68227	1257.70171	
7.016227	1351.65861	1351.70515	1257.80353	1257.82389	
7.026359	1351.78021	1351.82732	1257.92513	1257.94606	
7.036501	1351.90189	1351.94949	1258.04681	1258.06823	
7.046643	1352.02355	1352.07166	1258.16847	1258.1904	
7.056891	1352.14654	1352.19384	1258.29146	1258.31258	
7.066894	1352.26659	1352.30728	1258.41151	1258.43475	
7.077704	1352.39638	1352.42946	1258.5413	1258.56565	
7.087221	1352.51057	1352.5429	1258.65549	1258.6791	
7.097276	1352.63121	1352.66508	1258.77613	1258.80127	
7.107403	1352.75267	1352.78725	1258.89759	1258.92344	
7.117515	1352.87404	1352.90942	1259.01896	1259.04562	
7.127608	1352.99517	1353.0316	1259.14009	1259.16779	
7.137778	1353.11723	1353.14504	1259.26215	1259.28996	
7.147927	1353.239	1353.26722	1259.38392	1259.41213	
7.158035	1353.36026	1353.38066	1259.50518	1259.52558	
7.168153	1353.48169	1353.50283	1259.62661	1259.64775	
7.178977	1353.61165	1353.62501	1259.75657	1259.77865	
7.189749	1353.7409	1353.76463	1259.88582	1259.90955	
7.200059	1353.86459	1353.88681	1260.00951	1260.023	
7.209967	1353.98345	1354.00898	1260.12837	1260.14517	
7.22009	1354.10495	1354.13115	1260.24987	1260.26735	
7.230281	1354.22722	1354.25333	1260.37214	1260.38952	
7.240363	1354.34821	1354.3755	1260.49313	1260.51169	
7.250505	1354.46993	1354.49767	1260.61485	1260.63387	
7.26065	1354.59167	1354.62857	1260.73659	1260.75604	
7.270787	1354.71329	1354.74202	1260.85821	1260.87821	
7.281484	1354.84168	1354.88165	1260.9866	1261.00911	
7.292955	1354.97939	1355.00382	1261.12431	1261.13128	
7.301778	1355.08525	1355.12599	1261.23017	1261.24473	
7.31196	1355.20736	1355.24816	1261.35228	1261.37563	
7.322014	1355.32805	1355.37034	1261.47297	1261.4978	
7.332159	1355.44978	1355.49251	1261.5947	1261.61998	
7.342371	1355.57235	1355.60596	1261.71727	1261.73342	
7.352436	1355.69309	1355.72813	1261.83801	1261.8556	
7.362567	1355.81464	1355.8503	1261.95956	1261.97777	
7.372665	1355.93585	1355.96375	1262.08077	1262.09994	
7.382908	1356.05879	1356.08592	1262.20371	1262.22212	
7.393181	1356.18206	1356.2081	1262.32698	1262.34429	
7.403287	1356.30332	1356.33027	1262.44824	1262.46646	
7.413421	1356.42491	1356.45244	1262.56983	1262.58863	
7.423525	1356.54619	1356.56589	1262.69111	1262.71081	
7.433699	1356.66827	1356.68806	1262.81319	1262.83298	
7.443856	1356.79013	1356.81023	1262.93505	1262.95515	
7.453961	1356.91141	1356.93241	1263.05633	1263.07733	
7.464086	1357.03288	1357.05458	1263.1778	1263.1995	
7.474169	1357.15389	1357.17675	1263.29881	1263.32167	
7.48442	1357.27694	1357.2902	1263.42186	1263.44385	
7.494597	1357.39904	1357.41237	1263.54396	1263.56602	
7.504669	1357.51989	1357.53455	1263.66481	1263.67946	
7.514831	1357.64185	1357.65672	1263.78677	1263.80164	
7.524896	1357.76269	1357.77889	1263.90761	1263.92381	
7.535083	1357.88485	1357.90106	1264.02977	1264.05471	
7.545185	1358.00607	1358.02324	1264.15099	1264.16816	
7.555313	1358.12762	1358.14541	1264.27254	1264.29033	
7.565484	1358.24967	1358.26758	1264.39459	1264.4125	
7.575937	1358.37513	1358.38976	1264.52005	1264.52595	
7.58574	1358.49279	1358.51193	1264.63771	1264.64812	
7.59589	1358.61455	1358.6341	1264.75947	1264.7703	
7.606005	1358.73596	1358.75628	1264.88088	1264.89247	
7.616121	1358.8573	1358.87845	1265.00222	1265.01464	
7.626269	1358.97913	1359.00062	1265.12405	1265.13681	
7.636373	1359.10035	1359.1228	1265.24527	1265.25899	
7.646567	1359.22267	1359.24497	1265.36759	1265.38116	
7.656611	1359.34319	1359.35841	1265.48811	1265.50333	
7.666895	1359.4666	1359.47186	1265.61152	1265.62551	
7.685933	1359.69514	1359.59403	1265.84006	1265.8524	
7.690376	1359.74842	1359.75111	1265.89334	1265.90476	
7.700547	1359.87052	1359.87329	1266.01544	1266.02693	
7.710903	1359.99475	1359.99546	1266.13967	1266.14038	
7.72075	1360.11286	1360.08273	1266.25778	1266.25383	
7.730926	1360.23501	1360.18745	1266.37993	1266.36727	
7.741095	1360.357	1360.29217	1266.50192	1266.48945	
7.751195	1360.47821	1360.40561	1266.62313	1266.60289	
7.761332	1360.59985	1360.51906	1266.74477	1266.72506	
7.771426	1360.721	1360.64123	1266.86592	1266.84724	
7.781599	1360.84306	1360.7634	1266.98798	1266.96068	
7.791874	1360.96641	1360.8943	1267.11133	1267.07413	
7.801918	1361.08689	1361.01648	1267.23181	1267.1963	
7.812047	1361.20844	1361.14738	1267.35336	1267.31848	
7.822182	1361.33008	1361.26955	1267.475	1267.44065	
7.832305	1361.45157	1361.40918	1267.59649	1267.56282	
7.84246	1361.57338	1361.53135	1267.7183	1267.69372	
7.852614	1361.69524	1361.66225	1267.84016	1267.8159	
7.862783	1361.81727	1361.79315	1267.96219	1267.93807	
7.872966	1361.93945	1361.91532	1268.08437	1268.06897	
7.883107	1362.06117	1362.04622	1268.20609	1268.19114	
7.893369	1362.18437	1362.17712	1268.32929	1268.32204	
7.903432	1362.30508	1362.29929	1268.45	1268.44421	
7.913575	1362.42681	1362.42147	1268.57173	1268.57511	
7.923693	1362.54821	1362.56109	1268.69313	1268.69729	
7.933878	1362.67042	1362.68327	1268.81534	1268.81946	
7.944058	1362.79257	1362.80544	1268.93749	1268.94163	
7.954236	1362.91467	1362.93634	1269.05959	1269.07253	
7.964377	1363.0364	1363.06724	1269.18132	1269.19471	
7.974799	1363.16151	1363.18941	1269.30643	1269.31688	
7.98595	1363.29537	1363.31159	1269.44029	1269.44778	
7.995269	1363.40715	1363.43376	1269.55207	1269.56995	
8.005167	1363.52588	1363.55593	1269.6708	1269.6834	
8.015237	1363.64668	1363.6781	1269.7916	1269.80557	
8.025376	1363.76835	1363.80028	1269.91327	1269.92774	
8.035936	1363.89513	1363.92245	1270.04005	1270.04992	
8.045641	1364.01155	1364.04462	1270.15647	1270.16336	
8.055795	1364.13339	1364.1668	1270.27831	1270.28554	
8.06588	1364.25441	1364.28024	1270.39933	1270.40771	
8.076019	1364.37608	1364.39369	1270.521	1270.52988	
8.087172	1364.51001	1364.51586	1270.65493	1270.65206	
8.096643	1364.62364	1364.63804	1270.76856	1270.77423	
8.106412	1364.74078	1364.76021	1270.8857	1270.87895	
8.116542	1364.86237	1364.87365	1271.00729	1271.00112	
8.126771	1364.98511	1364.99583	1271.13003	1271.13202	
8.145099	1365.20512	1365.10927	1271.35004	1271.35019	
8.149484	1365.25767	1365.26635	1271.40259	1271.40255	
8.159931	1365.38306	1365.38853	1271.52798	1271.53345	
8.169788	1365.50132	1365.50197	1271.64624	1271.64689	
8.179919	1365.62288	1365.59797	1271.7678	1271.76907	
8.191353	1365.76017	1365.71141	1271.90509	1271.90869	
8.200844	1365.87407	1365.82486	1272.01899	1272.01341	
8.210949	1365.99525	1365.94703	1272.14017	1272.13559	
8.221123	1366.11735	1366.06048	1272.26227	1272.25776	
8.231209	1366.23836	1366.19138	1272.38328	1272.3712	
8.241363	1366.36022	1366.31355	1272.50514	1272.49338	
8.251506	1366.48191	1366.43572	1272.62683	1272.61555	
8.261636	1366.60347	1366.56662	1272.74839	1272.73772	
8.271794	1366.72538	1366.69752	1272.8703	1272.8599	
8.281869	1366.84628	1366.8197	1272.9912	1272.97334	
8.293002	1366.98212	1366.9506	1273.12704	1273.10424	
8.302226	1367.09063	1367.0815	1273.23555	1273.22642	
8.312339	1367.21192	1367.20367	1273.35684	1273.33986	
8.322457	1367.33333	1367.33457	1273.47825	1273.46204	
8.332767	1367.45707	1367.45674	1273.60199	1273.59294	
8.342938	1367.57912	1367.57892	1273.72404	1273.70638	
8.353058	1367.70056	1367.70109	1273.84548	1273.82855	
8.363195	1367.82218	1367.83199	1273.9671	1273.95073	
8.373339	1367.94393	1367.95416	1274.08885	1274.08163	
8.383448	1368.06524	1368.07633	1274.21016	1274.19507	
8.393937	1368.19119	1368.19851	1274.33611	1274.32597	
8.403786	1368.30932	1368.32068	1274.45424	1274.43942	
8.413867	1368.43028	1368.44285	1274.5752	1274.56159	
8.424078	1368.55281	1368.56503	1274.69773	1274.68377	
8.434145	1368.67361	1368.6872	1274.81853	1274.80594	
8.444383	1368.79647	1368.80937	1274.94139	1274.93684	
8.454537	1368.91832	1368.93155	1275.06324	1275.05901	
8.464585	1369.03887	1369.05372	1275.18379	1275.18118	
8.474723	1369.16054	1369.17589	1275.30546	1275.31208	
8.484993	1369.28389	1369.29806	1275.42881	1275.43426	
8.504239	1369.51485	1369.54241	1275.65977	1275.66115	
8.508718	1369.56849	1369.59477	1275.71341	1275.72224	
8.518894	1369.69059	1369.71694	1275.83551	1275.83568	
8.528952	1369.81129	1369.83912	1275.95621	1275.96658	
8.539148	1369.93364	1369.97002	1276.07856	1276.08876	
8.549309	1370.05557	1370.10092	1276.20049	1276.21093	
8.55942	1370.1769	1370.22309	1276.32182	1276.3331	
8.569539	1370.29834	1370.34526	1276.44326	1276.45528	
8.579638	1370.41954	1370.46744	1276.56446	1276.57745	
8.589846	1370.54203	1370.58961	1276.68695	1276.69962	
8.600125	1370.66542	1370.71178	1276.81034	1276.82179	
8.610216	1370.78648	1370.83395	1276.9314	1276.94397	
8.630508	1371.03002	1371.06957	1277.17494	1277.17959	
8.63506	1371.08463	1371.12193	1277.22955	1277.23195	
8.645072	1371.20474	1371.24411	1277.34966	1277.36285	
8.655118	1371.32533	1371.35755	1277.47025	1277.47629	
8.665243	1371.44678	1371.47973	1277.5917	1277.59847	
8.675397	1371.56864	1371.59317	1277.71356	1277.72064	
8.685942	1371.69521	1371.71535	1277.84013	1277.84281	
8.69622	1371.81857	1371.82879	1277.96349	1277.95626	
8.705832	1371.93386	1371.95097	1278.07878	1278.07843	
8.715964	1372.05544	1372.06441	1278.20036	1278.2006	
8.726073	1372.17673	1372.18658	1278.32165	1278.31405	
8.736251	1372.29895	1372.30003	1278.44387	1278.43622	
8.746324	1372.41979	1372.4222	1278.56471	1278.5584	
8.756446	1372.54121	1372.54438	1278.68613	1278.68057	
8.766642	1372.6636	1372.66655	1278.80852	1278.79402	
8.776697	1372.78421	1372.78872	1278.92913	1278.91619	
8.786868	1372.9063	1372.90217	1279.05122	1279.03836	
8.806515	1373.14216	1373.02434	1279.28708	1279.27398	
8.81094	1373.19515	1373.19015	1279.34007	1279.32634	
8.821181	1373.31803	1373.31232	1279.46295	1279.44851	
8.831251	1373.4389	1373.43449	1279.58382	1279.57069	
8.841363	1373.56023	1373.53921	1279.70515	1279.69286	
8.851541	1373.68239	1373.64393	1279.82731	1279.81503	
8.861686	1373.80411	1373.74865	1279.94903	1279.93721	
8.871944	1373.92723	1373.87083	1280.07215	1280.05938	
8.881943	1374.04719	1373.98427	1280.19211	1280.18155	
8.892045	1374.16876	1374.11517	1280.31368	1280.30373	
8.902284	1374.29133	1374.23735	1280.43625	1280.4259	
8.912429	1374.41305	1374.35952	1280.55797	1280.54807	
8.922546	1374.53444	1374.49042	1280.67936	1280.67025	
8.932667	1374.65589	1374.62132	1280.80081	1280.80114	
8.9428	1374.77752	1374.75222	1280.92244	1280.92332	
8.952944	1374.8992	1374.88312	1281.04412	1281.04549	
8.963068	1375.02068	1375.00529	1281.1656	1281.16766	
8.973255	1375.14295	1375.12746	1281.28787	1281.28984	
8.983376	1375.26441	1375.25836	1281.40933	1281.41201	
8.993467	1375.38457	1375.38054	1281.52949	1281.54291	
9.003688	1375.50567	1375.51144	1281.65059	1281.66508	
9.013835	1375.62529	1375.63361	1281.77021	1281.78726	
9.024017	1375.74469	1375.75578	1281.88961	1281.90943	
9.034128	1375.86264	1375.87796	1282.00756	1282.0316	
9.044246	1375.98015	1376.00013	1282.12507	1282.14505	
9.054478	1376.09824	1376.11358	1282.24316	1282.25849	
9.064561	1376.2141	1376.23575	1282.35902	1282.38067	
9.074679	1376.3297	1376.35792	1282.47462	1282.50284	
9.08628	1376.46152	1376.47137	1282.60644	1282.61629	
9.095084	1376.56103	1376.59354	1282.70595	1282.72973	
9.105089	1376.6735	1376.70699	1282.81842	1282.85191	
9.115214	1376.78674	1376.82916	1282.93165	1282.96535	
9.12537	1376.89972	1376.94261	1283.04464	1283.0788	
9.135524	1377.01203	1377.04733	1283.15695	1283.20097	
9.146108	1377.12851	1377.1695	1283.27343	1283.31442	
9.155733	1377.23381	1377.28295	1283.37873	1283.42787	
9.165857	1377.344	1377.39639	1283.48892	1283.53259	
9.176049	1377.45433	1377.50111	1283.59925	1283.65476	
9.186089	1377.56239	1377.61456	1283.70731	1283.75948	
9.1963	1377.67173	1377.728	1283.81665	1283.87292	
9.206477	1377.78001	1377.84145	1283.92493	1283.98637	
9.216576	1377.88689	1377.9549	1284.03181	1284.09109	
9.226686	1377.99327	1378.05962	1284.13819	1284.19581	
9.236879	1378.09989	1378.16434	1284.24481	1284.30053	
9.2474	1378.2093	1378.26906	1284.35422	1284.41398	
9.257159	1378.31022	1378.37378	1284.45514	1284.50997	
9.267199	1378.41345	1378.4785	1284.55837	1284.61469	
9.277387	1378.51756	1378.58322	1284.66248	1284.71941	
9.287454	1378.61987	1378.68794	1284.76479	1284.82413	
9.298965	1378.73604	1378.78393	1284.88096	1284.93758	
9.307804	1378.8248	1378.88865	1284.96971	1285.02484	
9.31836	1378.93012	1378.99337	1285.07504	1285.12083	
9.328097	1379.02669	1379.08936	1285.17161	1285.21683	
9.338244	1379.12674	1379.18535	1285.27166	1285.32155	
9.356666	1379.30594	1379.35989	1285.45086	1285.49608	
9.361066	1379.34873	1379.40352	1285.49365	1285.53099	
9.371201	1379.44669	1379.49951	1285.59161	1285.62698	
9.381372	1379.54437	1379.59551	1285.68929	1285.7317	
9.391445	1379.64048	1379.68277	1285.7854	1285.81897	
9.401606	1379.73686	1379.77877	1285.88178	1285.91496	
9.411813	1379.83308	1379.87476	1285.978	1286.01095	
9.421927	1379.92772	1379.97075	1286.07264	1286.10695	
9.432128	1380.02262	1380.06675	1286.16754	1286.20294	
9.442179	1380.11549	1380.15401	1286.2604	1286.29021	
9.452375	1380.20916	1380.25001	1286.35408	1286.3862	
9.462566	1380.30205	1380.346	1286.44697	1286.47346	
9.472602	1380.39301	1380.43327	1286.53793	1286.56946	
9.482927	1380.48597	1380.52926	1286.63089	1286.66545	
9.492863	1380.57477	1380.61652	1286.71969	1286.75272	
9.503051	1380.66528	1380.71252	1286.8102	1286.84871	
9.521366	1380.82554	1380.79978	1286.97046	1287.01452	
9.525774	1380.86412	1380.91323	1287.00904	1287.05815	
9.535958	1380.95258	1381.0005	1287.0975	1287.14542	
9.546222	1381.04113	1381.08776	1287.18605	1287.22396	
9.5562	1381.12661	1381.15758	1287.27153	1287.31122	
9.566318	1381.21263	1381.22739	1287.35755	1287.39849	
9.576447	1381.29817	1381.30593	1287.44309	1287.48576	
9.586546	1381.38286	1381.3932	1287.52778	1287.57302	
9.596702	1381.46745	1381.47174	1287.61236	1287.66029	
9.607107	1381.55347	1381.559	1287.69839	1287.74756	
9.617022	1381.6348	1381.64627	1287.77972	1287.8261	
9.627174	1381.71745	1381.72481	1287.86237	1287.91336	
9.637286	1381.79922	1381.8208	1287.94414	1288.00063	
9.647326	1381.87979	1381.90807	1288.02471	1288.07917	
9.657834	1381.9635	1381.99533	1288.10842	1288.16643	
9.667612	1382.04081	1382.0826	1288.18573	1288.24497	
9.677909	1382.12156	1382.16987	1288.26648	1288.33224	
9.688088	1382.20081	1382.24841	1288.34573	1288.40205	
9.698122	1382.27832	1382.33567	1288.42323	1288.48059	
9.716564	1382.41837	1382.48403	1288.56329	1288.62895	
9.720976	1382.45188	1382.51893	1288.59679	1288.66385	
9.731107	1382.52815	1382.59747	1288.67307	1288.73367	
9.741289	1382.60422	1382.66729	1288.74914	1288.81221	
9.751366	1382.6789	1382.7371	1288.82382	1288.88202	
9.761705	1382.75489	1382.80691	1288.89981	1288.95183	
9.771672	1382.82753	1382.87673	1288.97245	1289.03037	
9.781802	1382.90076	1382.95527	1289.04568	1289.10019	
9.791985	1382.97378	1383.02508	1289.1187	1289.17	
9.802034	1383.04522	1383.10362	1289.19014	1289.23981	
9.812271	1383.11743	1383.16471	1289.26234	1289.3009	
9.822425	1383.18838	1383.23452	1289.3333	1289.37071	
9.832483	1383.25808	1383.30433	1289.403	1289.44052	
9.84266	1383.32801	1383.37415	1289.47293	1289.51034	
9.852759	1383.3968	1383.43523	1289.54172	1289.57142	
9.863015	1383.46607	1383.50504	1289.61099	1289.64124	
9.873097	1383.53349	1383.57486	1289.67841	1289.6936	
9.883201	1383.60047	1383.63594	1289.74539	1289.76341	
9.893353	1383.66719	1383.70576	1289.81211	1289.8245	
9.903435	1383.73284	1383.76684	1289.87776	1289.89431	
9.913659	1383.79882	1383.83666	1289.94374	1289.96412	
9.923814	1383.86371	1383.89774	1290.00863	1290.02521	
9.933989	1383.92812	1383.96756	1290.07304	1290.09502	
9.944172	1383.99198	1384.02864	1290.1369	1290.16484	
9.954235	1384.05448	1384.09846	1290.1994	1290.22592	
9.964441	1384.1173	1384.15954	1290.26222	1290.28701	
9.974635	1384.17939	1384.22063	1290.32431	1290.35682	
9.984872	1384.24112	1384.28172	1290.38604	1290.41791	
9.994813	1384.3005	1384.3428	1290.44542	1290.479	
10.00489	1384.3601	1384.40389	1290.50502	1290.54008	
10.01515	1384.42013	1384.46498	1290.56505	1290.60117	
10.02527	1384.47877	1384.52606	1290.62369	1290.66226	
10.03536	1384.53662	1384.58715	1290.68154	1290.72334	
10.04556	1384.59451	1384.64824	1290.73943	1290.78443	
10.05596	1384.65288	1384.70932	1290.7978	1290.83679	
10.06576	1384.70729	1384.76168	1290.8522	1290.89787	
10.07588	1384.76293	1384.81404	1290.90785	1290.95023	
10.086	1384.81795	1384.87513	1290.96287	1291.00259	
10.09626	1384.87308	1384.92749	1291.018	1291.05495	
10.10671	1384.92866	1384.97985	1291.07358	1291.10731	
10.11667	1384.98102	1385.04093	1291.12594	1291.15967	
10.13478	1385.07383	1385.09329	1291.21875	1291.26439	
10.13918	1385.09644	1385.15438	1291.24136	1291.28185	
10.14933	1385.14784	1385.20674	1291.29276	1291.33421	
10.15947	1385.19858	1385.25037	1291.3435	1291.37784	
10.16966	1385.24898	1385.28528	1291.3939	1291.4302	
10.17975	1385.29827	1385.32019	1291.44319	1291.48256	
10.1906	1385.35056	1385.36382	1291.49548	1291.52619	
10.20005	1385.39561	1385.40745	1291.54053	1291.57855	
10.21012	1385.44302	1385.45109	1291.58794	1291.62219	
10.22028	1385.49025	1385.49472	1291.63516	1291.67455	
10.23046	1385.53695	1385.54708	1291.68187	1291.71818	
10.24057	1385.58274	1385.59944	1291.72766	1291.76181	
10.25067	1385.62789	1385.64307	1291.77281	1291.80545	
10.26085	1385.67279	1385.69543	1291.81771	1291.84908	
10.27098	1385.71692	1385.73907	1291.86184	1291.89271	
10.2811	1385.76033	1385.79143	1291.90525	1291.93635	
10.29122	1385.80316	1385.83506	1291.94807	1291.97998	
10.31093	1385.88379	1385.92233	1292.02871	1292.05852	
10.31628	1385.90573	1385.93978	1292.05065	1292.07597	
10.32553	1385.94305	1385.98341	1292.08797	1292.11088	
10.33556	1385.98293	1386.01832	1292.12785	1292.15451	
10.34573	1386.02272	1386.06195	1292.16764	1292.18942	
10.35582	1386.06165	1386.10559	1292.20657	1292.22432	
10.36617	1386.10096	1386.14049	1292.24588	1292.25923	
10.37621	1386.13847	1386.1754	1292.28339	1292.29414	
10.38623	1386.17535	1386.21031	1292.32027	1292.32904	
10.39634	1386.21195	1386.24521	1292.35687	1292.36395	
10.40646	1386.24801	1386.28884	1292.39293	1292.39886	
10.41759	1386.2869	1386.32375	1292.43182	1292.43376	
10.42713	1386.31974	1386.35866	1292.46466	1292.46867	
10.43697	1386.35305	1386.39356	1292.49797	1292.50358	
10.44706	1386.38662	1386.42847	1292.53154	1292.53848	
10.45716	1386.41962	1386.46338	1292.56454	1292.57339	
10.46756	1386.45299	1386.49828	1292.59791	1292.6083	
10.47745	1386.48416	1386.53319	1292.62908	1292.6432	
10.48755	1386.51538	1386.55937	1292.6603	1292.66938	
10.49766	1386.54605	1386.59428	1292.69097	1292.69556	
10.50775	1386.57609	1386.62918	1292.72101	1292.73047	
10.51891	1386.60855	1386.65536	1292.75347	1292.76538	
10.52811	1386.63487	1386.68154	1292.77979	1292.79156	
10.5382	1386.66313	1386.70772	1292.80805	1292.81774	
10.55617	1386.71116	1386.75136	1292.85608	1292.8701	
10.56054	1386.72291	1386.76881	1292.86783	1292.87882	
10.57072	1386.74952	1386.78626	1292.89444	1292.905	
10.58098	1386.77573	1386.81244	1292.92065	1292.92246	
10.59108	1386.80094	1386.8299	1292.94586	1292.94864	
10.6012	1386.82564	1386.85608	1292.97056	1292.96609	
10.6113	1386.84967	1386.87353	1292.99459	1292.99227	
10.62803	1386.8876	1386.89971	1293.03252	1293.02718	
10.63818	1386.91021	1386.91716	1293.05513	1293.04463	
10.64832	1386.93224	1386.93462	1293.07716	1293.06208	
10.65848	1386.95369	1386.95207	1293.09861	1293.07954	
10.66895	1386.9752	1386.96952	1293.12012	1293.10572	
10.67903	1386.99531	1386.98698	1293.14023	1293.12317	
10.68918	1387.015	1387.00443	1293.15992	1293.14935	
10.69931	1387.03407	1387.03061	1293.17899	1293.1668	
10.70944	1387.05255	1387.04806	1293.19747	1293.19298	
10.71957	1387.07048	1387.06552	1293.2154	1293.21044	
10.72976	1387.08792	1387.08297	1293.23284	1293.23662	
10.73991	1387.10472	1387.10915	1293.24964	1293.25407	
10.75005	1387.12091	1387.13533	1293.26583	1293.28025	
10.76024	1387.13663	1387.15278	1293.28155	1293.2977	
10.77032	1387.1516	1387.17024	1293.29652	1293.31516	
10.7805	1387.16615	1387.19642	1293.31107	1293.33261	
10.79073	1387.18019	1387.21387	1293.32511	1293.35006	
10.80077	1387.19343	1387.23132	1293.33835	1293.36752	
10.8109	1387.20622	1387.24878	1293.35114	1293.38497	
10.82101	1387.21843	1387.26623	1293.36335	1293.40242	
10.83118	1387.23015	1387.27496	1293.37507	1293.41115	
10.84138	1387.24133	1387.29241	1293.38625	1293.4286	
10.85149	1387.25186	1387.30986	1293.39678	1293.43733	
10.86167	1387.26192	1387.31859	1293.40684	1293.44606	
10.87186	1387.27144	1387.32732	1293.41636	1293.45478	
10.88192	1387.2803	1387.32732	1293.42522	1293.46351	
10.89206	1387.28869	1387.33604	1293.43361	1293.46351	
10.90218	1387.29653	1387.34477	1293.44145	1293.46351	
10.9124	1387.30391	1387.34477	1293.44883	1293.47224	
10.92247	1387.31066	1387.34477	1293.45558	1293.47224	
10.93271	1387.31701	1387.34477	1293.46193	1293.47224	
10.94293	1387.32281	1387.34477	1293.46773	1293.46351	
10.95297	1387.32802	1387.34477	1293.47294	1293.46351	
10.96308	1387.33278	1387.34477	1293.4777	1293.46351	
10.97323	1387.33707	1387.34477	1293.48199	1293.47224	
10.98339	1387.34089	1387.34477	1293.48581	1293.47224	
10.99353	1387.34425	1387.34477	1293.48917	1293.47224	
11.00363	1387.34715	1387.34477	1293.49207	1293.46351	
11.01377	1387.34964	1387.34477	1293.49456	1293.46351	
11.02387	1387.35172	1387.34477	1293.49664	1293.46351	
11.0341	1387.35345	1387.34477	1293.49837	1293.47224	
11.04424	1387.35854	1387.34477	1293.50346	1293.47224	
11.05442	1387.35854	1387.34477	1293.50346	1293.46351	
11.06448	1387.35854	1387.34477	1293.50346	1293.46351	
11.07472	1387.35854	1387.34477	1293.50346	1293.46351	
11.08473	1387.35854	1387.34477	1293.50346	1293.46351	
11.09494	1387.35854	1387.34477	1293.50346	1293.46351	
11.10501	1387.35854	1387.34477	1293.50346	1293.46351	
11.11514	1387.35854	1387.34477	1293.50346	1293.46351	
11.12523	1387.35854	1387.34477	1293.50346	1293.46351	
11.13553	1387.35854	1387.34477	1293.50346	1293.46351	
11.14563	1387.35854	1387.34477	1293.50346	1293.46351	
11.15573	1387.35854	1387.34477	1293.50346	1293.46351	
11.16583	1387.35854	1387.33604	1293.50346	1293.46351	
11.17612	1387.35854	1387.33604	1293.50346	1293.46351	
11.18611	1387.35854	1387.34477	1293.50346	1293.46351	
11.19646	1387.35854	1387.34477	1293.50346	1293.46351	
11.20638	1387.35854	1387.34477	1293.50346	1293.46351	
11.21648	1387.35854	1387.34477	1293.50346	1293.46351	
11.22665	1387.35854	1387.34477	1293.50346	1293.46351	
11.24493	1387.35854	1387.34477	1293.50346	1293.46351	
11.24935	1387.35854	1387.34477	1293.50346	1293.46351	
11.25949	1387.35854	1387.34477	1293.50346	1293.46351	
11.26965	1387.35854	1387.34477	1293.50346	1293.46351	
11.27978	1387.35854	1387.34477	1293.50346	1293.46351	
11.28991	1387.35854	1387.34477	1293.50346	1293.46351	
11.30121	1387.35854	1387.34477	1293.50346	1293.46351	
11.3102	1387.35854	1387.34477	1293.50346	1293.46351	
11.32032	1387.35854	1387.34477	1293.50346	1293.46351	
11.33044	1387.35854	1387.34477	1293.50346	1293.46351	
11.34074	1387.35854	1387.34477	1293.50346	1293.46351	
11.35086	1387.35854	1387.34477	1293.50346	1293.46351	
11.36089	1387.35854	1387.34477	1293.50346	1293.46351	
11.37101	1387.35854	1387.34477	1293.50346	1293.46351	
11.38117	1387.35854	1387.34477	1293.50346	1293.46351	
11.39132	1387.35854	1387.34477	1293.50346	1293.46351	
11.40147	1387.35854	1387.34477	1293.50346	1293.46351	
11.41156	1387.35854	1387.34477	1293.50346	1293.46351	
11.4217	1387.35854	1387.34477	1293.50346	1293.46351	
11.43186	1387.35854	1387.34477	1293.50346	1293.46351	
11.44204	1387.35854	1387.34477	1293.50346	1293.46351	
11.45223	1387.35854	1387.34477	1293.50346	1293.46351	
11.46233	1387.35854	1387.34477	1293.50346	1293.46351	
11.47241	1387.35854	1387.34477	1293.50346	1293.46351	
11.4826	1387.35854	1387.34477	1293.50346	1293.46351	
11.49274	1387.35854	1387.34477	1293.50346	1293.46351	
11.50295	1387.35854	1387.34477	1293.50346	1293.46351	
11.51299	1387.35854	1387.34477	1293.50346	1293.46351	
11.52307	1387.35854	1387.34477	1293.50346	1293.46351	
11.53325	1387.35854	1387.34477	1293.50346	1293.46351	
11.54362	1387.35854	1387.34477	1293.50346	1293.46351	
11.55354	1387.35854	1387.34477	1293.50346	1293.46351	
11.56365	1387.35854	1387.34477	1293.50346	1293.46351	
11.57555	1387.35854	1387.34477	1293.50346	1293.46351	
11.586	1387.35854	1387.34477	1293.50346	1293.46351	
11.59574	1387.35854	1387.34477	1293.50346	1293.46351	
11.60595	1387.35854	1387.34477	1293.50346	1293.46351	
11.61596	1387.35854	1387.34477	1293.50346	1293.46351	
11.62607	1387.35854	1387.34477	1293.50346	1293.46351	
11.63738	1387.35854	1387.34477	1293.50346	1293.46351	
11.64671	1387.35854	1387.34477	1293.50346	1293.46351	
11.65646	1387.35854	1387.34477	1293.50346	1293.46351	
11.66659	1387.35854	1387.34477	1293.50346	1293.46351	
11.6767	1387.35854	1387.34477	1293.50346	1293.46351	
11.69522	1387.35854	1387.34477	1293.50346	1293.46351	
11.6996	1387.35854	1387.34477	1293.50346	1293.46351	
11.70977	1387.35854	1387.34477	1293.50346	1293.46351	
11.72001	1387.35854	1387.34477	1293.50346	1293.46351	
11.72998	1387.35854	1387.34477	1293.50346	1293.46351	
11.74953	1387.35854	1387.34477	1293.50346	1293.46351	
11.75396	1387.35854	1387.34477	1293.50346	1293.46351	
11.76407	1387.35854	1387.34477	1293.50346	1293.46351	
11.77423	1387.35854	1387.34477	1293.50346	1293.46351	
11.7847	1387.35854	1387.34477	1293.50346	1293.47224	
11.79451	1387.35854	1387.34477	1293.50346	1293.47224	
11.80463	1387.35854	1387.34477	1293.50346	1293.46351	
11.81487	1387.35854	1387.34477	1293.50346	1293.46351	
11.82491	1387.35854	1387.34477	1293.50346	1293.47224	
11.83498	1387.35854	1387.34477	1293.50346	1293.47224	
11.84549	1387.35854	1387.34477	1293.50346	1293.47224	
11.85535	1387.35854	1387.34477	1293.50346	1293.47224	
11.86552	1387.35854	1387.34477	1293.50346	1293.47224	
11.87571	1387.35854	1387.34477	1293.50346	1293.47224	
11.88605	1387.35854	1387.34477	1293.50346	1293.47224	
11.89594	1387.35854	1387.34477	1293.50346	1293.47224	
11.90606	1387.35854	1387.34477	1293.50346	1293.47224	
11.9163	1387.35854	1387.34477	1293.50346	1293.47224	
11.92634	1387.35854	1387.34477	1293.50346	1293.47224	
11.93649	1387.35854	1387.34477	1293.50346	1293.47224	
11.94669	1387.35854	1387.34477	1293.50346	1293.47224	
11.95687	1387.35854	1387.34477	1293.50346	1293.47224	
11.96702	1387.35854	1387.34477	1293.50346	1293.47224	
11.97703	1387.35854	1387.34477	1293.50346	1293.47224	
11.98773	1387.35854	1387.34477	1293.50346	1293.47224	
11.99729	1387.35854	1387.34477	1293.50346	1293.47224	
12.00743	1387.35854	1387.34477	1293.50346	1293.47224	
12.01757	1387.35854	1387.34477	1293.50346	1293.47224	
12.02766	1387.35854	1387.34477	1293.50346	1293.47224	
12.03782	1387.35854	1387.34477	1293.50346	1293.47224	
12.04803	1387.35854	1387.34477	1293.50346	1293.47224	
12.05822	1387.35854	1387.34477	1293.50346	1293.47224	
12.07616	1387.35854	1387.34477	1293.50346	1293.47224	
12.08058	1387.35854	1387.34477	1293.50346	1293.47224	
12.09078	1387.35854	1387.34477	1293.50346	1293.47224	
12.10089	1387.35854	1387.34477	1293.50346	1293.47224	
12.11107	1387.35854	1387.34477	1293.50346	1293.47224	
12.12118	1387.35854	1387.34477	1293.50346	1293.47224	
12.13127	1387.35854	1387.34477	1293.50346	1293.47224	
12.14212	1387.35854	1387.34477	1293.50346	1293.47224	
12.15181	1387.35854	1387.34477	1293.50346	1293.47224	
12.16174	1387.35854	1387.34477	1293.50346	1293.47224	
12.17186	1387.35854	1387.34477	1293.50346	1293.47224	
12.18198	1387.35854	1387.34477	1293.50346	1293.47224	
12.19289	1387.35854	1387.34477	1293.50346	1293.47224	
12.20224	1387.35854	1387.34477	1293.50346	1293.47224	
12.21234	1387.35854	1387.34477	1293.50346	1293.47224	
12.22249	1387.35854	1387.34477	1293.50346	1293.47224	
12.2326	1387.35854	1387.34477	1293.50346	1293.47224	
12.24333	1387.35854	1387.34477	1293.50346	1293.47224	
12.25297	1387.35854	1387.34477	1293.50346	1293.47224	
12.26311	1387.35854	1387.34477	1293.50346	1293.47224	
12.2732	1387.35854	1387.34477	1293.50346	1293.47224	
12.28328	1387.35854	1387.34477	1293.50346	1293.47224	
12.29354	1387.35854	1387.34477	1293.50346	1293.47224	
12.30492	1387.35854	1387.34477	1293.50346	1293.47224	
12.31373	1387.35854	1387.34477	1293.50346	1293.48096	
12.32388	1387.35854	1387.34477	1293.50346	1293.48096	
12.33397	1387.35854	1387.34477	1293.50346	1293.48096	
12.34463	1387.35854	1387.34477	1293.50346	1293.48096	
12.35437	1387.35854	1387.34477	1293.50346	1293.48969	
12.36445	1387.35854	1387.34477	1293.50346	1293.48969	
12.37455	1387.35854	1387.34477	1293.50346	1293.48969	
12.38481	1387.35854	1387.34477	1293.50346	1293.48969	
12.39481	1387.35854	1387.34477	1293.50346	1293.48969	
12.40492	1387.35854	1387.34477	1293.50346	1293.48096	
12.41504	1387.35854	1387.34477	1293.50346	1293.48096	
12.4253	1387.35854	1387.34477	1293.50346	1293.48096	
12.43528	1387.35854	1387.34477	1293.50346	1293.48096	
12.44632	1387.35854	1387.34477	1293.50346	1293.48096	
12.45594	1387.35854	1387.34477	1293.50346	1293.48096	
12.46573	1387.35854	1387.34477	1293.50346	1293.48096	
12.47583	1387.35854	1387.34477	1293.50346	1293.48096	
12.48612	1387.35854	1387.34477	1293.50346	1293.48096	
12.49624	1387.35854	1387.34477	1293.50346	1293.48096	
12.50622	1387.35854	1387.34477	1293.50346	1293.48096	
12.51637	1387.35854	1387.34477	1293.50346	1293.48096	
12.52662	1387.35854	1387.34477	1293.50346	1293.48096	
12.53661	1387.35854	1387.34477	1293.50346	1293.48096	
12.54673	1387.35854	1387.34477	1293.50346	1293.48096	
12.55693	1387.35854	1387.34477	1293.50346	1293.48096	
12.56705	1387.35854	1387.34477	1293.50346	1293.48096	
12.57715	1387.35854	1387.34477	1293.50346	1293.48096	
12.58726	1387.35854	1387.34477	1293.50346	1293.48096	
12.59738	1387.35854	1387.34477	1293.50346	1293.48096	
12.60748	1387.35854	1387.34477	1293.50346	1293.48096	
12.62896	1387.35854	1387.34477	1293.50346	1293.48096	
12.63337	1387.35854	1387.34477	1293.50346	1293.48096	
12.64349	1387.35854	1387.34477	1293.50346	1293.48096	
12.65362	1387.35854	1387.34477	1293.50346	1293.48096	
12.66372	1387.35854	1387.34477	1293.50346	1293.48096	
12.67388	1387.35854	1387.34477	1293.50346	1293.48096	
12.68396	1387.35854	1387.34477	1293.50346	1293.48096	
12.69415	1387.35854	1387.34477	1293.50346	1293.48096	
12.7044	1387.35854	1387.34477	1293.50346	1293.48096	
12.71442	1387.35854	1387.34477	1293.50346	1293.48096	
12.72454	1387.35854	1387.34477	1293.50346	1293.48096	
12.73471	1387.35854	1387.34477	1293.50346	1293.48096	
12.74496	1387.35854	1387.34477	1293.50346	1293.48096	
12.75495	1387.35854	1387.34477	1293.50346	1293.48096	
12.76506	1387.35854	1387.34477	1293.50346	1293.48096	
12.77522	1387.35854	1387.34477	1293.50346	1293.48096	
12.78532	1387.35854	1387.34477	1293.50346	1293.48096	
12.79552	1387.35854	1387.34477	1293.50346	1293.48096	
12.80562	1387.35854	1387.34477	1293.50346	1293.48096	
12.81572	1387.35854	1387.34477	1293.50346	1293.48096	
12.82583	1387.35854	1387.34477	1293.50346	1293.48096	
12.83598	1387.35854	1387.34477	1293.50346	1293.48096	
12.8461	1387.35854	1387.34477	1293.50346	1293.48096	
12.85625	1387.35854	1387.34477	1293.50346	1293.48096	
12.86634	1387.35854	1387.34477	1293.50346	1293.48096	
12.87661	1387.35854	1387.34477	1293.50346	1293.48096	
12.88673	1387.35854	1387.34477	1293.50346	1293.48096	
12.90473	1387.35854	1387.34477	1293.50346	1293.48096	
12.90922	1387.35854	1387.34477	1293.50346	1293.48096	
12.91925	1387.35854	1387.34477	1293.50346	1293.48096	
12.92941	1387.35854	1387.34477	1293.50346	1293.48096	
12.93958	1387.35854	1387.34477	1293.50346	1293.48096	
12.94974	1387.35854	1387.34477	1293.50346	1293.48096	
12.95983	1387.35854	1387.34477	1293.50346	1293.48096	
12.96993	1387.35854	1387.34477	1293.50346	1293.48096	
12.98009	1387.35854	1387.34477	1293.50346	1293.48096	
12.99026	1387.35854	1387.34477	1293.50346	1293.48096	
13.00046	1387.35854	1387.34477	1293.50346	1293.48096	
13.01051	1387.35854	1387.34477	1293.50346	1293.48096	
13.02061	1387.35854	1387.34477	1293.50346	1293.48096	
13.03085	1387.35854	1387.34477	1293.50346	1293.48096	
13.04094	1387.35854	1387.34477	1293.50346	1293.48096	
13.05106	1387.35854	1387.34477	1293.50346	1293.48096	
13.06121	1387.35854	1387.34477	1293.50346	1293.48096	
13.07135	1387.35854	1387.34477	1293.50346	1293.48096	
13.08144	1387.35854	1387.34477	1293.50346	1293.48096	
13.09165	1387.35854	1387.34477	1293.50346	1293.48096	
13.10178	1387.35854	1387.34477	1293.50346	1293.48096	
13.11191	1387.35854	1387.34477	1293.50346	1293.48096	
13.12203	1387.35854	1387.34477	1293.50346	1293.48096	
13.13213	1387.35854	1387.34477	1293.50346	1293.48096	
13.14236	1387.35854	1387.34477	1293.50346	1293.48096	
13.15256	1387.35854	1387.34477	1293.50346	1293.48096	
13.16265	1387.35854	1387.34477	1293.50346	1293.48096	
13.17277	1387.35854	1387.34477	1293.50346	1293.48096	
13.18294	1387.35854	1387.34477	1293.50346	1293.48096	
13.19376	1387.35854	1387.34477	1293.50346	1293.48096	
13.20314	1387.35854	1387.34477	1293.50346	1293.48096	
13.21326	1387.35854	1387.34477	1293.50346	1293.48096	
13.22338	1387.35854	1387.34477	1293.50346	1293.48096	
13.23354	1387.35854	1387.34477	1293.50346	1293.48096	
13.2439	1387.35854	1387.34477	1293.50346	1293.48096	
13.2538	1387.35854	1387.34477	1293.50346	1293.48096	
13.26394	1387.35854	1387.34477	1293.50346	1293.48096	
13.27409	1387.35854	1387.34477	1293.50346	1293.48096	
13.2842	1387.35854	1387.34477	1293.50346	1293.48096	
13.29438	1387.35854	1387.34477	1293.50346	1293.48096	
13.30598	1387.35854	1387.34477	1293.50346	1293.48096	
13.31465	1387.35854	1387.34477	1293.50346	1293.48096	
13.32476	1387.35854	1387.34477	1293.50346	1293.48096	
13.33488	1387.35854	1387.34477	1293.50346	1293.48096	
13.34503	1387.35854	1387.34477	1293.50346	1293.48096	
13.35516	1387.35854	1387.34477	1293.50346	1293.48096	
13.36526	1387.35854	1387.34477	1293.50346	1293.48096	
13.37539	1387.35854	1387.34477	1293.50346	1293.48096	
13.38554	1387.35854	1387.34477	1293.50346	1293.48096	
13.39568	1387.35854	1387.34477	1293.50346	1293.48096	
13.40577	1387.35854	1387.34477	1293.50346	1293.48096	
13.41588	1387.35854	1387.34477	1293.50346	1293.48096	
13.42602	1387.35854	1387.34477	1293.50346	1293.48096	
13.43614	1387.35854	1387.34477	1293.50346	1293.48096	
13.44644	1387.35854	1387.34477	1293.50346	1293.48096	
13.45648	1387.35854	1387.34477	1293.50346	1293.48096	
13.46653	1387.35854	1387.34477	1293.50346	1293.48096	
13.47665	1387.35854	1387.34477	1293.50346	1293.48096	
13.48707	1387.35854	1387.34477	1293.50346	1293.48096	
13.49699	1387.35854	1387.34477	1293.50346	1293.48096	
13.50706	1387.35854	1387.34477	1293.50346	1293.48096	
13.51718	1387.35854	1387.34477	1293.50346	1293.48096	
13.52735	1387.35854	1387.34477	1293.50346	1293.48096	
13.53742	1387.35854	1387.34477	1293.50346	1293.48096	
13.54756	1387.35854	1387.34477	1293.50346	1293.48096	
13.55775	1387.35854	1387.34477	1293.50346	1293.48096	
13.56782	1387.35854	1387.34477	1293.50346	1293.48096	
13.57792	1387.35854	1387.34477	1293.50346	1293.48096	
13.58809	1387.35854	1387.34477	1293.50346	1293.48096	
13.59827	1387.35854	1387.34477	1293.50346	1293.48096	
13.60845	1387.35854	1387.34477	1293.50346	1293.48096	
13.61849	1387.35854	1387.34477	1293.50346	1293.48096	
13.62862	1387.35854	1387.34477	1293.50346	1293.48096	
13.63877	1387.35854	1387.34477	1293.50346	1293.48096	
13.6489	1387.35854	1387.34477	1293.50346	1293.48096	
13.65902	1387.35854	1387.34477	1293.50346	1293.48096	
13.66919	1387.35854	1387.34477	1293.50346	1293.48096	
13.67932	1387.35854	1387.34477	1293.50346	1293.48096	
13.68947	1387.35854	1387.34477	1293.50346	1293.48096	
13.69959	1387.35854	1387.34477	1293.50346	1293.48096	
13.70977	1387.35854	1387.34477	1293.50346	1293.48096	
13.71987	1387.35854	1387.34477	1293.50346	1293.48096	
13.73	1387.35854	1387.34477	1293.50346	1293.48096	
13.74015	1387.35854	1387.34477	1293.50346	1293.48096	
13.75032	1387.35854	1387.34477	1293.50346	1293.48096	
13.76055	1387.35854	1387.34477	1293.50346	1293.48096	
13.77062	1387.35854	1387.34477	1293.50346	1293.48096	
13.78076	1387.35854	1387.34477	1293.50346	1293.48096	
13.79096	1387.35854	1387.34477	1293.50346	1293.48096	
13.80104	1387.35854	1387.34477	1293.50346	1293.48096	
13.81117	1387.35854	1387.34477	1293.50346	1293.48096	
13.8213	1387.35854	1387.34477	1293.50346	1293.48096	
13.83143	1387.35854	1387.34477	1293.50346	1293.48096	
13.84157	1387.35854	1387.34477	1293.50346	1293.48096	
13.85169	1387.35854	1387.34477	1293.50346	1293.48096	
13.86187	1387.35854	1387.34477	1293.50346	1293.48096	
13.87204	1387.35854	1387.34477	1293.50346	1293.48096	
13.88214	1387.35854	1387.34477	1293.50346	1293.48096	
13.89226	1387.35854	1387.34477	1293.50346	1293.48096	
13.90242	1387.35854	1387.34477	1293.50346	1293.48096	
13.91261	1387.35854	1387.34477	1293.50346	1293.48096	
13.92269	1387.35854	1387.34477	1293.50346	1293.48096	
13.93282	1387.35854	1387.34477	1293.50346	1293.48096	
13.94304	1387.35854	1387.34477	1293.50346	1293.48096	
13.95309	1387.35854	1387.34477	1293.50346	1293.48096	
13.96324	1387.35854	1387.34477	1293.50346	1293.48096	
13.97337	1387.35854	1387.34477	1293.50346	1293.48096	
13.98351	1387.35854	1387.34477	1293.50346	1293.48096	
13.99367	1387.35854	1387.34477	1293.50346	1293.48096	
14.00379	1387.35854	1387.34477	1293.50346	1293.48096	
14.01395	1387.35854	1387.34477	1293.50346	1293.48096	
14.02407	1387.35854	1387.34477	1293.50346	1293.48096	
14.03418	1387.35854	1387.34477	1293.50346	1293.48096	
14.04436	1387.35854	1387.34477	1293.50346	1293.48096	
14.05448	1387.35854	1387.34477	1293.50346	1293.48096	
14.06464	1387.35854	1387.34477	1293.50346	1293.48096	
14.07474	1387.35854	1387.34477	1293.50346	1293.48096	
14.08481	1387.35854	1387.34477	1293.50346	1293.48096	
14.09506	1387.35854	1387.34477	1293.50346	1293.48096	
14.10511	1387.35854	1387.34477	1293.50346	1293.48096	
14.11523	1387.35854	1387.34477	1293.50346	1293.48096	
14.12535	1387.35854	1387.34477	1293.50346	1293.48096	
14.13554	1387.35854	1387.34477	1293.50346	1293.48096	
14.14563	1387.35854	1387.34477	1293.50346	1293.48096	
14.15575	1387.35854	1387.34477	1293.50346	1293.48096	
14.16589	1387.35854	1387.34477	1293.50346	1293.48096	
14.17599	1387.35854	1387.34477	1293.50346	1293.48096	
14.18623	1387.35854	1387.34477	1293.50346	1293.48096	
14.19699	1387.35854	1387.34477	1293.50346	1293.48096	
14.20636	1387.35854	1387.34477	1293.50346	1293.48096	
14.21656	1387.35854	1387.34477	1293.50346	1293.48096	
14.22665	1387.35854	1387.34477	1293.50346	1293.48096	
14.23685	1387.35854	1387.34477	1293.50346	1293.48096	
14.24708	1387.35854	1387.34477	1293.50346	1293.48096	
14.25708	1387.35854	1387.34477	1293.50346	1293.48096	
14.26741	1387.35854	1387.34477	1293.50346	1293.48096	
14.27734	1387.35854	1387.34477	1293.50346	1293.48096	
14.28747	1387.35854	1387.34477	1293.50346	1293.48096	
14.29758	1387.35854	1387.34477	1293.50346	1293.48096	
14.3091	1387.35854	1387.34477	1293.50346	1293.48096	
14.3183	1387.35854	1387.34477	1293.50346	1293.48096	
14.32796	1387.35854	1387.34477	1293.50346	1293.48096	
14.33811	1387.35854	1387.34477	1293.50346	1293.48096	
14.34828	1387.35854	1387.34477	1293.50346	1293.48096	
14.35841	1387.35854	1387.34477	1293.50346	1293.48096	
14.36859	1387.35854	1387.34477	1293.50346	1293.48096	
14.37866	1387.35854	1387.34477	1293.50346	1293.48096	
14.38879	1387.35854	1387.34477	1293.50346	1293.48096	
14.39898	1387.35854	1387.34477	1293.50346	1293.48096	
14.40903	1387.35854	1387.34477	1293.50346	1293.48096	
14.4192	1387.35854	1387.34477	1293.50346	1293.48096	
14.42934	1387.35854	1387.34477	1293.50346	1293.48096	
14.43948	1387.35854	1387.34477	1293.50346	1293.48096	
14.44962	1387.35854	1387.34477	1293.50346	1293.48096	
14.45975	1387.35854	1387.34477	1293.50346	1293.48096	
14.46994	1387.35854	1387.34477	1293.50346	1293.48096	
14.48006	1387.35854	1387.34477	1293.50346	1293.48096	
14.4902	1387.35854	1387.34477	1293.50346	1293.48096	
14.50033	1387.35854	1387.34477	1293.50346	1293.48096	
14.51043	1387.35854	1387.34477	1293.50346	1293.48096	
14.52068	1387.35854	1387.34477	1293.50346	1293.48096	
14.53076	1387.35854	1387.34477	1293.50346	1293.48096	
14.5409	1387.35854	1387.34477	1293.50346	1293.48096	
14.55111	1387.35854	1387.34477	1293.50346	1293.48969	
14.56114	1387.35854	1387.34477	1293.50346	1293.48969	
14.57131	1387.35854	1387.34477	1293.50346	1293.48096	
14.58143	1387.35854	1387.34477	1293.50346	1293.48096	
14.59159	1387.35854	1387.34477	1293.50346	1293.48096	
14.60172	1387.35854	1387.34477	1293.50346	1293.48096	
14.61182	1387.35854	1387.34477	1293.50346	1293.48096	
14.6306	1387.35854	1387.34477	1293.50346	1293.48096	
14.635	1387.35854	1387.34477	1293.50346	1293.48096	
14.64512	1387.35854	1387.34477	1293.50346	1293.48096	
14.65525	1387.35854	1387.34477	1293.50346	1293.48096	
14.66533	1387.35854	1387.34477	1293.50346	1293.48096	
14.67575	1387.35854	1387.34477	1293.50346	1293.48096	
14.68567	1387.35854	1387.34477	1293.50346	1293.48096	
14.69576	1387.35854	1387.34477	1293.50346	1293.48096	
14.70587	1387.35854	1387.34477	1293.50346	1293.48096	
14.71599	1387.35854	1387.34477	1293.50346	1293.48096	
14.72613	1387.35854	1387.34477	1293.50346	1293.48096	
14.73625	1387.35854	1387.34477	1293.50346	1293.48096	
14.74638	1387.35854	1387.34477	1293.50346	1293.48096	
14.75653	1387.35854	1387.34477	1293.50346	1293.48096	
14.76663	1387.35854	1387.34477	1293.50346	1293.48096	
14.77686	1387.35854	1387.34477	1293.50346	1293.48096	
14.78697	1387.35854	1387.34477	1293.50346	1293.48096	
14.79704	1387.35854	1387.34477	1293.50346	1293.48096	
14.80724	1387.35854	1387.34477	1293.50346	1293.48096	
14.81729	1387.35854	1387.34477	1293.50346	1293.48096	
14.82739	1387.35854	1387.34477	1293.50346	1293.48096	
14.83753	1387.35854	1387.34477	1293.50346	1293.48096	
14.84766	1387.35854	1387.34477	1293.50346	1293.48096	
14.85778	1387.35854	1387.34477	1293.50346	1293.48096	
14.86791	1387.35854	1387.34477	1293.50346	1293.48096	
14.87816	1387.35854	1387.34477	1293.50346	1293.48096	
14.88838	1387.35854	1387.34477	1293.50346	1293.48096	
14.89843	1387.35854	1387.34477	1293.50346	1293.48096	
14.9086	1387.35854	1387.34477	1293.50346	1293.48096	
14.91871	1387.35854	1387.34477	1293.50346	1293.48096	
14.92883	1387.35854	1387.34477	1293.50346	1293.48096	
14.93898	1387.35854	1387.34477	1293.50346	1293.48096	
14.94911	1387.35854	1387.34477	1293.50346	1293.48096	
14.95929	1387.35854	1387.34477	1293.50346	1293.48096	
14.96938	1387.35854	1387.34477	1293.50346	1293.48096	
14.97952	1387.35854	1387.34477	1293.50346	1293.48096	
14.98994	1387.35854	1387.34477	1293.50346	1293.48096	
14.99984	1387.35854	1387.34477	1293.50346	1293.48096	
15.00995	1387.35854	1387.34477	1293.50346	1293.48096	
15.02008	1387.35854	1387.34477	1293.50346	1293.48096	
15.03023	1387.35854	1387.34477	1293.50346	1293.48096	
15.04038	1387.35854	1387.34477	1293.50346	1293.48096	
15.0505	1387.35854	1387.34477	1293.50346	1293.48096	
15.06061	1387.35854	1387.34477	1293.50346	1293.48096	
15.0708	1387.35854	1387.34477	1293.50346	1293.48096	
15.08088	1387.35854	1387.34477	1293.50346	1293.48096	
15.09106	1387.35854	1387.34477	1293.50346	1293.48096	
15.10118	1387.35854	1387.34477	1293.50346	1293.48096	
15.11138	1387.35854	1387.34477	1293.50346	1293.48096	
15.12145	1387.35854	1387.34477	1293.50346	1293.48096	
15.13158	1387.35854	1387.34477	1293.50346	1293.48096	
15.14175	1387.35854	1387.34477	1293.50346	1293.48096	
15.15187	1387.35854	1387.34477	1293.50346	1293.48096	
15.162	1387.35854	1387.34477	1293.50346	1293.48096	
15.17212	1387.35854	1387.34477	1293.50346	1293.48096	
15.18227	1387.35854	1387.34477	1293.50346	1293.48096	
15.19242	1387.35854	1387.34477	1293.50346	1293.48096	
15.20256	1387.35854	1387.34477	1293.50346	1293.48096	
15.21265	1387.35854	1387.34477	1293.50346	1293.48096	
15.22278	1387.35854	1387.34477	1293.50346	1293.48096	
15.23288	1387.35854	1387.34477	1293.50346	1293.48096	
15.24306	1387.35854	1387.34477	1293.50346	1293.48096	
15.25319	1387.35854	1387.34477	1293.50346	1293.48096	
15.26337	1387.35854	1387.34477	1293.50346	1293.48096	
15.27346	1387.35854	1387.34477	1293.50346	1293.48096	
15.28358	1387.35854	1387.34477	1293.50346	1293.48096	
15.29382	1387.35854	1387.34477	1293.50346	1293.48096	
15.30388	1387.35854	1387.34477	1293.50346	1293.48096	
15.31404	1387.35854	1387.34477	1293.50346	1293.48096	
15.32414	1387.35854	1387.34477	1293.50346	1293.48096	
15.33424	1387.35854	1387.34477	1293.50346	1293.48096	
15.34441	1387.35854	1387.34477	1293.50346	1293.48096	
15.35454	1387.35854	1387.34477	1293.50346	1293.48096	
15.36466	1387.35854	1387.34477	1293.50346	1293.48096	
15.3748	1387.35854	1387.34477	1293.50346	1293.48096	
15.38494	1387.35854	1387.34477	1293.50346	1293.48096	
15.39509	1387.35854	1387.34477	1293.50346	1293.48096	
15.40519	1387.35854	1387.34477	1293.50346	1293.48096	
15.41531	1387.35854	1387.34477	1293.50346	1293.48096	
15.42548	1387.35854	1387.34477	1293.50346	1293.48096	
15.43558	1387.35854	1387.34477	1293.50346	1293.48096	
15.44571	1387.35854	1387.34477	1293.50346	1293.48096	
15.45581	1387.35854	1387.34477	1293.50346	1293.48096	
15.46592	1387.35854	1387.34477	1293.50346	1293.48096	
15.47605	1387.35854	1387.34477	1293.50346	1293.48096	
15.48619	1387.35854	1387.34477	1293.50346	1293.48096	
15.49636	1387.35854	1387.34477	1293.50346	1293.48096	
15.50646	1387.35854	1387.34477	1293.50346	1293.48096	
15.5166	1387.35854	1387.34477	1293.50346	1293.48096	
15.52672	1387.35854	1387.34477	1293.50346	1293.48096	
15.54472	1387.35854	1387.34477	1293.50346	1293.48096	
15.54909	1387.35854	1387.34477	1293.50346	1293.48096	
15.55925	1387.35854	1387.34477	1293.50346	1293.48096	
15.56938	1387.35854	1387.34477	1293.50346	1293.48096	
15.57946	1387.35854	1387.34477	1293.50346	1293.48096	
15.58959	1387.35854	1387.34477	1293.50346	1293.48096	
15.5999	1387.35854	1387.34477	1293.50346	1293.48096	
15.61	1387.35854	1387.34477	1293.50346	1293.48096	
15.62015	1387.35854	1387.34477	1293.50346	1293.48096	
15.63028	1387.35854	1387.34477	1293.50346	1293.48096	
15.64042	1387.35854	1387.34477	1293.50346	1293.48096	
15.65055	1387.35854	1387.34477	1293.50346	1293.48096	
15.66066	1387.35854	1387.34477	1293.50346	1293.48096	
15.67085	1387.35854	1387.34477	1293.50346	1293.48096	
15.68096	1387.35854	1387.34477	1293.50346	1293.48096	
15.6911	1387.35854	1387.34477	1293.50346	1293.48096	
15.70122	1387.35854	1387.34477	1293.50346	1293.48096	
15.71139	1387.35854	1387.34477	1293.50346	1293.48096	
15.7215	1387.35854	1387.34477	1293.50346	1293.48096	
15.73162	1387.35854	1387.34477	1293.50346	1293.48096	
15.74179	1387.35854	1387.34477	1293.50346	1293.48096	
15.7519	1387.35854	1387.34477	1293.50346	1293.48096	
15.76204	1387.35854	1387.34477	1293.50346	1293.48096	
15.77216	1387.35854	1387.34477	1293.50346	1293.48096	
15.78231	1387.35854	1387.34477	1293.50346	1293.48096	
15.79245	1387.35854	1387.34477	1293.50346	1293.48096	
15.81377	1387.35854	1387.34477	1293.50346	1293.48096	
15.82386	1387.35854	1387.34477	1293.50346	1293.48096	
15.83393	1387.35854	1387.34477	1293.50346	1293.48096	
15.8441	1387.35854	1387.34477	1293.50346	1293.48096	
15.85423	1387.35854	1387.34477	1293.50346	1293.48096	
15.86437	1387.35854	1387.34477	1293.50346	1293.48096	
15.87459	1387.35854	1387.34477	1293.50346	1293.48096	
15.88466	1387.35854	1387.34477	1293.50346	1293.48096	
15.89476	1387.35854	1387.34477	1293.50346	1293.48096	
15.90492	1387.35854	1387.34477	1293.50346	1293.48096	
15.91504	1387.35854	1387.34477	1293.50346	1293.48096	
15.92513	1387.35854	1387.34477	1293.50346	1293.48096	
15.93532	1387.35854	1387.34477	1293.50346	1293.48096	
15.94543	1387.35854	1387.34477	1293.50346	1293.48096	
15.95553	1387.35854	1387.34477	1293.50346	1293.48096	
15.9657	1387.35854	1387.34477	1293.50346	1293.48096	
15.97576	1387.35854	1387.34477	1293.50346	1293.48096	
15.98588	1387.35854	1387.34477	1293.50346	1293.48096	
15.99605	1387.35854	1387.34477	1293.50346	1293.48096	
16.00618	1387.35854	1387.34477	1293.50346	1293.48096	
16.01631	1387.35854	1387.34477	1293.50346	1293.48096	
16.02641	1387.35854	1387.34477	1293.50346	1293.48096	
16.03654	1387.35854	1387.34477	1293.50346	1293.48096	
16.04667	1387.35854	1387.34477	1293.50346	1293.48096	
16.06481	1387.35854	1387.34477	1293.50346	1293.48096	
16.06921	1387.35854	1387.34477	1293.50346	1293.48096	
16.07934	1387.35854	1387.34477	1293.50346	1293.48096	
16.08945	1387.35854	1387.34477	1293.50346	1293.48096	
16.0996	1387.35854	1387.34477	1293.50346	1293.48096	
16.10979	1387.35854	1387.34477	1293.50346	1293.48096	
16.11988	1387.35854	1387.34477	1293.50346	1293.48096	
16.13001	1387.35854	1387.34477	1293.50346	1293.48096	
16.14013	1387.35854	1387.34477	1293.50346	1293.48096	
16.15028	1387.35854	1387.34477	1293.50346	1293.48096	
16.16041	1387.35854	1387.34477	1293.50346	1293.48096	
16.17054	1387.35854	1387.34477	1293.50346	1293.48096	
16.18072	1387.35854	1387.34477	1293.50346	1293.48096	
16.19084	1387.35854	1387.34477	1293.50346	1293.48096	
16.20153	1387.35854	1387.34477	1293.50346	1293.48096	
16.21167	1387.35854	1387.34477	1293.50346	1293.48096	
16.2218	1387.35854	1387.34477	1293.50346	1293.48096	
16.23186	1387.35854	1387.34477	1293.50346	1293.48096	
16.24203	1387.35854	1387.34477	1293.50346	1293.48096	
16.25213	1387.35854	1387.34477	1293.50346	1293.48096	
16.26232	1387.35854	1387.34477	1293.50346	1293.48096	
16.27244	1387.35854	1387.34477	1293.50346	1293.48096	
16.28256	1387.35854	1387.34477	1293.50346	1293.48096	
16.29273	1387.35854	1387.34477	1293.50346	1293.48096	
16.30281	1387.35854	1387.34477	1293.50346	1293.48096	
16.31429	1387.35854	1387.34477	1293.50346	1293.48096	
16.32311	1387.35854	1387.34477	1293.50346	1293.48096	
16.3332	1387.35854	1387.34477	1293.50346	1293.48096	
16.34341	1387.35854	1387.34477	1293.50346	1293.48096	
16.3535	1387.35854	1387.34477	1293.50346	1293.48096	
16.36362	1387.35854	1387.34477	1293.50346	1293.48096	
16.37375	1387.35854	1387.34477	1293.50346	1293.48096	
16.38389	1387.35854	1387.34477	1293.50346	1293.48096	
16.39402	1387.35854	1387.34477	1293.50346	1293.48096	
16.40416	1387.35854	1387.34477	1293.50346	1293.48096	
16.41424	1387.35854	1387.34477	1293.50346	1293.48096	
16.42444	1387.35854	1387.34477	1293.50346	1293.48096	
16.43455	1387.35854	1387.34477	1293.50346	1293.48096	
16.44471	1387.35854	1387.34477	1293.50346	1293.48096	
16.4548	1387.35854	1387.34477	1293.50346	1293.48096	
16.46493	1387.35854	1387.34477	1293.50346	1293.48096	
16.47506	1387.35854	1387.34477	1293.50346	1293.48096	
16.48517	1387.35854	1387.34477	1293.50346	1293.48096	
16.49549	1387.35854	1387.34477	1293.50346	1293.48096	
16.50551	1387.35854	1387.34477	1293.50346	1293.48096	
16.51559	1387.35854	1387.34477	1293.50346	1293.48096	
16.52577	1387.35854	1387.34477	1293.50346	1293.48096	
16.53586	1387.35854	1387.34477	1293.50346	1293.48096	
16.54597	1387.35854	1387.34477	1293.50346	1293.48096	
16.55611	1387.35854	1387.34477	1293.50346	1293.48096	
16.56623	1387.35854	1387.34477	1293.50346	1293.48096	
16.57814	1387.35854	1387.34477	1293.50346	1293.48096	
16.59613	1387.35854	1387.34477	1293.50346	1293.48096	
16.60047	1387.35854	1387.34477	1293.50346	1293.48096	
16.6106	1387.35854	1387.34477	1293.50346	1293.48096	
16.62096	1387.35854	1387.34477	1293.50346	1293.48096	
16.63093	1387.35854	1387.34477	1293.50346	1293.48096	
16.64105	1387.35854	1387.34477	1293.50346	1293.48096	
16.65113	1387.35854	1387.34477	1293.50346	1293.48969	
16.66126	1387.35854	1387.34477	1293.50346	1293.48969	
16.67148	1387.35854	1387.34477	1293.50346	1293.48096	
16.68155	1387.35854	1387.34477	1293.50346	1293.48096	
16.69169	1387.35854	1387.34477	1293.50346	1293.48096	
16.70186	1387.35854	1387.34477	1293.50346	1293.48096	
16.71197	1387.35854	1387.34477	1293.50346	1293.48096	
16.7222	1387.35854	1387.34477	1293.50346	1293.48096	
16.73224	1387.35854	1387.34477	1293.50346	1293.48096	
16.74238	1387.35854	1387.34477	1293.50346	1293.48096	
16.75251	1387.35854	1387.34477	1293.50346	1293.48096	
16.76264	1387.35854	1387.34477	1293.50346	1293.48096	
16.77278	1387.35854	1387.34477	1293.50346	1293.48096	
16.78292	1387.35854	1387.34477	1293.50346	1293.48096	
16.79306	1387.35854	1387.34477	1293.50346	1293.48096	
16.80314	1387.35854	1387.34477	1293.50346	1293.48096	
16.81333	1387.35854	1387.34477	1293.50346	1293.48096	
16.82349	1387.35854	1387.34477	1293.50346	1293.48096	
16.83355	1387.35854	1387.34477	1293.50346	1293.48096	
16.8437	1387.35854	1387.34477	1293.50346	1293.48096	
16.85386	1387.35854	1387.34477	1293.50346	1293.48096	
16.86398	1387.35854	1387.34477	1293.50346	1293.48096	
16.8741	1387.35854	1387.34477	1293.50346	1293.48096	
16.88425	1387.35854	1387.34477	1293.50346	1293.48096	
16.89439	1387.35854	1387.34477	1293.50346	1293.48096	
16.90452	1387.35854	1387.34477	1293.50346	1293.48096	
16.91467	1387.35854	1387.34477	1293.50346	1293.48096	
16.92481	1387.35854	1387.34477	1293.50346	1293.48096	
16.93496	1387.35854	1387.34477	1293.50346	1293.48096	
16.94506	1387.35854	1387.34477	1293.50346	1293.48096	
16.95518	1387.35854	1387.34477	1293.50346	1293.48096	
16.9653	1387.35854	1387.34477	1293.50346	1293.48096	
16.97553	1387.35854	1387.34477	1293.50346	1293.48096	
16.98558	1387.35854	1387.34477	1293.50346	1293.48096	
16.99572	1387.35854	1387.34477	1293.50346	1293.48096	
17.00586	1387.35854	1387.34477	1293.50346	1293.48096	
17.01594	1387.35854	1387.34477	1293.50346	1293.48096	
17.02607	1387.35854	1387.34477	1293.50346	1293.48096	
17.03622	1387.35854	1387.34477	1293.50346	1293.48096	
17.04635	1387.35854	1387.34477	1293.50346	1293.48096	
17.05656	1387.35854	1387.34477	1293.50346	1293.48096	
17.06661	1387.35854	1387.34477	1293.50346	1293.48096	
17.07676	1387.35854	1387.34477	1293.50346	1293.48096	
17.09471	1387.35854	1387.34477	1293.50346	1293.48096	
17.09913	1387.35854	1387.34477	1293.50346	1293.48096	
17.10926	1387.35854	1387.34477	1293.50346	1293.48096	
17.11942	1387.35854	1387.34477	1293.50346	1293.48096	
17.12956	1387.35854	1387.34477	1293.50346	1293.48096	
17.13967	1387.35854	1387.34477	1293.50346	1293.48096	
17.14988	1387.35854	1387.34477	1293.50346	1293.48096	
17.15999	1387.35854	1387.34477	1293.50346	1293.48096	
17.17012	1387.35854	1387.34477	1293.50346	1293.48096	
17.18024	1387.35854	1387.34477	1293.50346	1293.48096	
17.19036	1387.35854	1387.34477	1293.50346	1293.48096	
17.20129	1387.35854	1387.34477	1293.50346	1293.48096	
17.21061	1387.35854	1387.34477	1293.50346	1293.48096	
17.22071	1387.35854	1387.34477	1293.50346	1293.48096	
17.23083	1387.35854	1387.34477	1293.50346	1293.48096	
17.24105	1387.35854	1387.34477	1293.50346	1293.48096	
17.25115	1387.35854	1387.34477	1293.50346	1293.48096	
17.26129	1387.35854	1387.34477	1293.50346	1293.48096	
17.27149	1387.35854	1387.34477	1293.50346	1293.48096	
17.28157	1387.35854	1387.34477	1293.50346	1293.48096	
17.29169	1387.35854	1387.34477	1293.50346	1293.48096	
17.30184	1387.35854	1387.34477	1293.50346	1293.48096	
17.31236	1387.35854	1387.34477	1293.50346	1293.48096	
17.32214	1387.35854	1387.34477	1293.50346	1293.48096	
17.33221	1387.35854	1387.34477	1293.50346	1293.48096	
17.34241	1387.35854	1387.34477	1293.50346	1293.48096	
17.35254	1387.35854	1387.34477	1293.50346	1293.48096	
17.36269	1387.35854	1387.34477	1293.50346	1293.48096	
17.37284	1387.35854	1387.34477	1293.50346	1293.48096	
17.38295	1387.35854	1387.34477	1293.50346	1293.48096	
17.39309	1387.35854	1387.34477	1293.50346	1293.48096	
17.40319	1387.35854	1387.34477	1293.50346	1293.48096	
17.41339	1387.35854	1387.34477	1293.50346	1293.48096	
17.42352	1387.35854	1387.34477	1293.50346	1293.48096	
17.43359	1387.35854	1387.34477	1293.50346	1293.48096	
17.44371	1387.35854	1387.34477	1293.50346	1293.48096	
17.45393	1387.35854	1387.34477	1293.50346	1293.48096	
17.46401	1387.35854	1387.34477	1293.50346	1293.48096	
17.47414	1387.35854	1387.34477	1293.50346	1293.48096	
17.48427	1387.35854	1387.34477	1293.50346	1293.48096	
17.49462	1387.35854	1387.34477	1293.50346	1293.48096	
17.50478	1387.35854	1387.34477	1293.50346	1293.48096	
17.51485	1387.35854	1387.34477	1293.50346	1293.48096	
17.52497	1387.35854	1387.34477	1293.50346	1293.48096	
17.53512	1387.35854	1387.34477	1293.50346	1293.48096	
17.54527	1387.35854	1387.34477	1293.50346	1293.48096	
17.55536	1387.35854	1387.34477	1293.50346	1293.48096	
17.56552	1387.35854	1387.34477	1293.50346	1293.48096	
17.5757	1387.35854	1387.34477	1293.50346	1293.48096	
17.58574	1387.35854	1387.34477	1293.50346	1293.48096	
17.59587	1387.35854	1387.34477	1293.50346	1293.48096	
17.60605	1387.35854	1387.34477	1293.50346	1293.48096	
17.61614	1387.35854	1387.34477	1293.50346	1293.48096	
17.62625	1387.35854	1387.34477	1293.50346	1293.48096	
17.63639	1387.35854	1387.34477	1293.50346	1293.48096	
17.64667	1387.35854	1387.34477	1293.50346	1293.48096	
17.65663	1387.35854	1387.34477	1293.50346	1293.48096	
17.66694	1387.35854	1387.34477	1293.50346	1293.48096	
17.67698	1387.35854	1387.34477	1293.50346	1293.48096	
17.68703	1387.35854	1387.34477	1293.50346	1293.48096	
17.69744	1387.35854	1387.34477	1293.50346	1293.48096	
17.70729	1387.35854	1387.34477	1293.50346	1293.48096	
17.7174	1387.35854	1387.34477	1293.50346	1293.48096	
17.72757	1387.35854	1387.34477	1293.50346	1293.48096	
17.73766	1387.35854	1387.34477	1293.50346	1293.48096	
17.74778	1387.35854	1387.34477	1293.50346	1293.48096	
17.75796	1387.35854	1387.34477	1293.50346	1293.48096	
17.76805	1387.35854	1387.34477	1293.50346	1293.48096	
17.77818	1387.35854	1387.34477	1293.50346	1293.48096	
17.79618	1387.35854	1387.34477	1293.50346	1293.48096	
17.80056	1387.35854	1387.34477	1293.50346	1293.48096	
17.81068	1387.35854	1387.34477	1293.50346	1293.48096	
17.82085	1387.35854	1387.34477	1293.50346	1293.48096	
17.83093	1387.35854	1387.34477	1293.50346	1293.48096	
17.84108	1387.35854	1387.34477	1293.50346	1293.48096	
17.85143	1387.35854	1387.34477	1293.50346	1293.48096	
17.86136	1387.35854	1387.34477	1293.50346	1293.48096	
17.87155	1387.35854	1387.34477	1293.50346	1293.48096	
17.88164	1387.35854	1387.34477	1293.50346	1293.48096	
17.89177	1387.35854	1387.34477	1293.50346	1293.48096	
17.90194	1387.35854	1387.34477	1293.50346	1293.48096	
17.91205	1387.35854	1387.34477	1293.50346	1293.48096	
17.92216	1387.35854	1387.34477	1293.50346	1293.48096	
17.93229	1387.35854	1387.34477	1293.50346	1293.48096	
17.94244	1387.35854	1387.34477	1293.50346	1293.48096	
17.95258	1387.35854	1387.34477	1293.50346	1293.48096	
17.9627	1387.35854	1387.34477	1293.50346	1293.48096	
17.97286	1387.35854	1387.34477	1293.50346	1293.48096	
17.98297	1387.35854	1387.34477	1293.50346	1293.48096	
17.99312	1387.35854	1387.34477	1293.50346	1293.48096	
18.00323	1387.35854	1387.34477	1293.50346	1293.48096	
18.01337	1387.35854	1387.34477	1293.50346	1293.48096	
18.02356	1387.35854	1387.34477	1293.50346	1293.48096	
18.03363	1387.35854	1387.34477	1293.50346	1293.48096	
18.04377	1387.35854	1387.34477	1293.50346	1293.48096	
18.05392	1387.35854	1387.34477	1293.50346	1293.48096	
18.06407	1387.35854	1387.34477	1293.50346	1293.48096	
18.07418	1387.35854	1387.34477	1293.50346	1293.48096	
18.08426	1387.35854	1387.34477	1293.50346	1293.48096	
18.09447	1387.35854	1387.34477	1293.50346	1293.48096	
18.10459	1387.35854	1387.34477	1293.50346	1293.48096	
18.11472	1387.35854	1387.34477	1293.50346	1293.48096	
18.12487	1387.35854	1387.34477	1293.50346	1293.48096	
18.13498	1387.35854	1387.34477	1293.50346	1293.48096	
18.14511	1387.35854	1387.34477	1293.50346	1293.48096	
18.15524	1387.35854	1387.34477	1293.50346	1293.48096	
18.16538	1387.35854	1387.34477	1293.50346	1293.48096	
18.17559	1387.35854	1387.34477	1293.50346	1293.48096	
18.18567	1387.35854	1387.34477	1293.50346	1293.48096	
18.19605	1387.35854	1387.34477	1293.50346	1293.48096	
18.20591	1387.35854	1387.34477	1293.50346	1293.48096	
18.21601	1387.35854	1387.34477	1293.50346	1293.48096	
18.22613	1387.35854	1387.34477	1293.50346	1293.48096	
18.23626	1387.35854	1387.34477	1293.50346	1293.48096	
18.24641	1387.35854	1387.34477	1293.50346	1293.48096	
18.25654	1387.35854	1387.34477	1293.50346	1293.48096	
18.26668	1387.35854	1387.34477	1293.50346	1293.48096	
18.2769	1387.35854	1387.34477	1293.50346	1293.48096	
18.28698	1387.35854	1387.34477	1293.50346	1293.48096	
18.29709	1387.35854	1387.34477	1293.50346	1293.48096	
18.30722	1387.35854	1387.34477	1293.50346	1293.48096	
18.31867	1387.35854	1387.34477	1293.50346	1293.48096	
18.32752	1387.35854	1387.34477	1293.50346	1293.48096	
18.33762	1387.35854	1387.34477	1293.50346	1293.48096	
18.34773	1387.35854	1387.34477	1293.50346	1293.48096	
18.35786	1387.35854	1387.34477	1293.50346	1293.48096	
18.36802	1387.35854	1387.34477	1293.50346	1293.48096	
18.37813	1387.35854	1387.34477	1293.50346	1293.48096	
18.38833	1387.35854	1387.34477	1293.50346	1293.48096	
18.39844	1387.35854	1387.34477	1293.50346	1293.48096	
18.41596	1387.35854	1387.34477	1293.50346	1293.48096	
18.42567	1387.35854	1387.34477	1293.50346	1293.48096	
18.43059	1387.35854	1387.34477	1293.50346	1293.48096	
18.44072	1387.35854	1387.34477	1293.50346	1293.48096	
18.45086	1387.35854	1387.34477	1293.50346	1293.48096	
18.46093	1387.35854	1387.34477	1293.50346	1293.48096	
18.47105	1387.35854	1387.34477	1293.50346	1293.48096	
18.48121	1387.35854	1387.34477	1293.50346	1293.48096	
18.4915	1387.35854	1387.34477	1293.50346	1293.48096	
18.50149	1387.35854	1387.34477	1293.50346	1293.48096	
18.51165	1387.35854	1387.34477	1293.50346	1293.48096	
18.52174	1387.35854	1387.34477	1293.50346	1293.48096	
18.53188	1387.35854	1387.34477	1293.50346	1293.48096	
18.54205	1387.35854	1387.34477	1293.50346	1293.48096	
18.55216	1387.35854	1387.34477	1293.50346	1293.48096	
18.56229	1387.35854	1387.34477	1293.50346	1293.48096	
18.57245	1387.35854	1387.34477	1293.50346	1293.48096	
18.58255	1387.35854	1387.34477	1293.50346	1293.48096	
18.5927	1387.35854	1387.34477	1293.50346	1293.48096	
18.60283	1387.35854	1387.34477	1293.50346	1293.48096	
18.61295	1387.35854	1387.34477	1293.50346	1293.48096	
18.62312	1387.35854	1387.34477	1293.50346	1293.48096	
18.63322	1387.35854	1387.34477	1293.50346	1293.48096	
18.64336	1387.35854	1387.34477	1293.50346	1293.48096	
18.65346	1387.35854	1387.34477	1293.50346	1293.48096	
18.66363	1387.35854	1387.34477	1293.50346	1293.48096	
18.67377	1387.35854	1387.34477	1293.50346	1293.48096	
18.68388	1387.35854	1387.34477	1293.50346	1293.48096	
18.69401	1387.35854	1387.34477	1293.50346	1293.48096	
18.70438	1387.35854	1387.34477	1293.50346	1293.48096	
18.7145	1387.35854	1387.34477	1293.50346	1293.48096	
18.72462	1387.35854	1387.34477	1293.50346	1293.48096	
18.73479	1387.35854	1387.34477	1293.50346	1293.48969	
18.74498	1387.35854	1387.34477	1293.50346	1293.48969	
18.75505	1387.35854	1387.34477	1293.50346	1293.48096	
18.76516	1387.35854	1387.34477	1293.50346	1293.48096	
18.77533	1387.35854	1387.34477	1293.50346	1293.48096	
18.7855	1387.35854	1387.34477	1293.50346	1293.48096	
18.79557	1387.35854	1387.34477	1293.50346	1293.48096	
18.80572	1387.35854	1387.34477	1293.50346	1293.48096	
18.81586	1387.35854	1387.34477	1293.50346	1293.48096	
18.82592	1387.35854	1387.34477	1293.50346	1293.48096	
18.83605	1387.35854	1387.34477	1293.50346	1293.48096	
18.84622	1387.35854	1387.34477	1293.50346	1293.48096	
18.85632	1387.35854	1387.34477	1293.50346	1293.48096	
18.86643	1387.35854	1387.34477	1293.50346	1293.48096	
18.87667	1387.35854	1387.34477	1293.50346	1293.48096	
18.88688	1387.35854	1387.34477	1293.50346	1293.48096	
18.89705	1387.35854	1387.34477	1293.50346	1293.48096	
18.90709	1387.35854	1387.34477	1293.50346	1293.48096	
18.91719	1387.35854	1387.34477	1293.50346	1293.48096	
18.92736	1387.35854	1387.34477	1293.50346	1293.48096	
18.93745	1387.35854	1387.34477	1293.50346	1293.48096	
18.94757	1387.35854	1387.34477	1293.50346	1293.48096	
18.9577	1387.35854	1387.34477	1293.50346	1293.48096	
18.96785	1387.35854	1387.34477	1293.50346	1293.48096	
18.97797	1387.35854	1387.34477	1293.50346	1293.48096	
18.98806	1387.35854	1387.34477	1293.50346	1293.48096	
18.99834	1387.35854	1387.34477	1293.50346	1293.48096	
19.00841	1387.35854	1387.34477	1293.50346	1293.48096	
19.0185	1387.35854	1387.34477	1293.50346	1293.48096	
19.02863	1387.35854	1387.34477	1293.50346	1293.48096	
19.03878	1387.35854	1387.34477	1293.50346	1293.48096	
19.04899	1387.35854	1387.34477	1293.50346	1293.48096	
19.05905	1387.35854	1387.34477	1293.50346	1293.48096	
19.0692	1387.35854	1387.34477	1293.50346	1293.48096	
19.07932	1387.35854	1387.34477	1293.50346	1293.48096	
19.08948	1387.35854	1387.34477	1293.50346	1293.48096	
19.09962	1387.35854	1387.34477	1293.50346	1293.48096	
19.10976	1387.35854	1387.34477	1293.50346	1293.48096	
19.11995	1387.35854	1387.34477	1293.50346	1293.48096	
19.13003	1387.35854	1387.34477	1293.50346	1293.48096	
19.14019	1387.35854	1387.34477	1293.50346	1293.48096	
19.15035	1387.35854	1387.34477	1293.50346	1293.48096	
19.16045	1387.35854	1387.34477	1293.50346	1293.48096	
19.17059	1387.35854	1387.34477	1293.50346	1293.48096	
19.1809	1387.35854	1387.34477	1293.50346	1293.48096	
19.19086	1387.35854	1387.34477	1293.50346	1293.48096	
19.20174	1387.35854	1387.34477	1293.50346	1293.48096	
19.21114	1387.35854	1387.34477	1293.50346	1293.48096	
19.22124	1387.35854	1387.34477	1293.50346	1293.48096	
19.23139	1387.35854	1387.34477	1293.50346	1293.48096	
19.24152	1387.35854	1387.34477	1293.50346	1293.48096	
19.25165	1387.35854	1387.34477	1293.50346	1293.48096	
19.26179	1387.35854	1387.34477	1293.50346	1293.48096	
19.27194	1387.35854	1387.34477	1293.50346	1293.48096	
19.28206	1387.35854	1387.34477	1293.50346	1293.48096	
19.29222	1387.35854	1387.34477	1293.50346	1293.48096	
19.30235	1387.35854	1387.34477	1293.50346	1293.48096	
19.31248	1387.35854	1387.34477	1293.50346	1293.48096	
19.32307	1387.35854	1387.34477	1293.50346	1293.48096	
19.33313	1387.35854	1387.34477	1293.50346	1293.48096	
19.34329	1387.35854	1387.34477	1293.50346	1293.48096	
19.35342	1387.35854	1387.34477	1293.50346	1293.48096	
19.36354	1387.35854	1387.34477	1293.50346	1293.48096	
19.37368	1387.35854	1387.34477	1293.50346	1293.48096	
19.38383	1387.35854	1387.34477	1293.50346	1293.48096	
19.39399	1387.35854	1387.34477	1293.50346	1293.48096	
19.40411	1387.35854	1387.34477	1293.50346	1293.48096	
19.41423	1387.35854	1387.34477	1293.50346	1293.48096	
19.42437	1387.35854	1387.34477	1293.50346	1293.48096	
19.43471	1387.35854	1387.34477	1293.50346	1293.48096	
19.44464	1387.35854	1387.34477	1293.50346	1293.48096	
19.45475	1387.35854	1387.34477	1293.50346	1293.48096	
19.46492	1387.35854	1387.34477	1293.50346	1293.48096	
19.47501	1387.35854	1387.34477	1293.50346	1293.48096	
19.48512	1387.35854	1387.34477	1293.50346	1293.48096	
19.49556	1387.35854	1387.34477	1293.50346	1293.48096	
19.50539	1387.35854	1387.34477	1293.50346	1293.48096	
19.51552	1387.35854	1387.34477	1293.50346	1293.48096	
19.52564	1387.35854	1387.34477	1293.50346	1293.48096	
19.53582	1387.35854	1387.34477	1293.50346	1293.48096	
19.54589	1387.35854	1387.34477	1293.50346	1293.48096	
19.55602	1387.35854	1387.34477	1293.50346	1293.48096	
19.56618	1387.35854	1387.34477	1293.50346	1293.48096	
19.57626	1387.35854	1387.34477	1293.50346	1293.48096	
19.58639	1387.35854	1387.34477	1293.50346	1293.48096	
19.59655	1387.35854	1387.34477	1293.50346	1293.48096	
19.60669	1387.35854	1387.34477	1293.50346	1293.48096	
19.61687	1387.35854	1387.34477	1293.50346	1293.48096	
19.62698	1387.35854	1387.34477	1293.50346	1293.48096	
19.63708	1387.35854	1387.34477	1293.50346	1293.48096	
19.64718	1387.35854	1387.34477	1293.50346	1293.48096	
19.65728	1387.35854	1387.34477	1293.50346	1293.48096	
19.66744	1387.35854	1387.34477	1293.50346	1293.48096	
19.67775	1387.35854	1387.34477	1293.50346	1293.48096	
19.68775	1387.35854	1387.34477	1293.50346	1293.48096	
19.69786	1387.35854	1387.34477	1293.50346	1293.48096	
19.70798	1387.35854	1387.34477	1293.50346	1293.48096	
19.71812	1387.35854	1387.34477	1293.50346	1293.48096	
19.72829	1387.35854	1387.34477	1293.50346	1293.48096	
19.7384	1387.35854	1387.34477	1293.50346	1293.48096	
19.74849	1387.35854	1387.34477	1293.50346	1293.48096	
19.75862	1387.35854	1387.34477	1293.50346	1293.48096	
19.76876	1387.35854	1387.34477	1293.50346	1293.48096	
19.7789	1387.35854	1387.34477	1293.50346	1293.48096	
19.78907	1387.35854	1387.34477	1293.50346	1293.48096	
19.79922	1387.35854	1387.34477	1293.50346	1293.48096	
19.80932	1387.35854	1387.34477	1293.50346	1293.48096	
19.81946	1387.35854	1387.34477	1293.50346	1293.48096	
19.82956	1387.35854	1387.34477	1293.50346	1293.48096	
19.83977	1387.35854	1387.34477	1293.50346	1293.48096	
19.84985	1387.35854	1387.34477	1293.50346	1293.48096	
19.85999	1387.35854	1387.34477	1293.50346	1293.48096	
19.87017	1387.35854	1387.34477	1293.50346	1293.48096	
19.88038	1387.35854	1387.34477	1293.50346	1293.48096	
19.89042	1387.35854	1387.34477	1293.50346	1293.48096	
19.90072	1387.35854	1387.34477	1293.50346	1293.48096	
19.91089	1387.35854	1387.34477	1293.50346	1293.48096	
19.92109	1387.35854	1387.34477	1293.50346	1293.48096	
19.93114	1387.35854	1387.34477	1293.50346	1293.48096	
19.94128	1387.35854	1387.34477	1293.50346	1293.48096	
19.95142	1387.35854	1387.34477	1293.50346	1293.48096	
19.96155	1387.35854	1387.34477	1293.50346	1293.48096	
19.97168	1387.35854	1387.34477	1293.50346	1293.48096	
19.98178	1387.35854	1387.34477	1293.50346	1293.48096	
19.99199	1387.35854	1387.34477	1293.50346	1293.48096	
20.00213	1387.35854	1387.34477	1293.50346	1293.48096	
20.01223	1387.35854	1387.34477	1293.50346	1293.48096	
20.02241	1387.35854	1387.34477	1293.50346	1293.48096	
20.03252	1387.35854	1387.34477	1293.50346	1293.48096	
20.04264	1387.35854	1387.34477	1293.50346	1293.48096	
20.05276	1387.35854	1387.34477	1293.50346	1293.48096	
20.06295	1387.35854	1387.34477	1293.50346	1293.48096	
20.07315	1387.35854	1387.34477	1293.50346	1293.48096	
20.0832	1387.35854	1387.34477	1293.50346	1293.48096	
20.09338	1387.35854	1387.34477	1293.50346	1293.48096	
20.10355	1387.35854	1387.34477	1293.50346	1293.48096	
20.11364	1387.35854	1387.34477	1293.50346	1293.48096	
20.12377	1387.35854	1387.34477	1293.50346	1293.48096	
20.1339	1387.35854	1387.34477	1293.50346	1293.48096	
20.14404	1387.35854	1387.34477	1293.50346	1293.48096	
20.15421	1387.35854	1387.34477	1293.50346	1293.48096	
20.16436	1387.35854	1387.34477	1293.50346	1293.48096	
20.17454	1387.35854	1387.34477	1293.50346	1293.48096	
20.18462	1387.35854	1387.34477	1293.50346	1293.48096	
20.19474	1387.35854	1387.34477	1293.50346	1293.48096	
20.20558	1387.35854	1387.34477	1293.50346	1293.48096	
20.21496	1387.35854	1387.34477	1293.50346	1293.48096	
20.22515	1387.35854	1387.34477	1293.50346	1293.48096	
20.23525	1387.35854	1387.34477	1293.50346	1293.48096	
20.24541	1387.35854	1387.34477	1293.50346	1293.48096	
20.2556	1387.35854	1387.34477	1293.50346	1293.48096	
20.26572	1387.35854	1387.34477	1293.50346	1293.48096	
20.27579	1387.35854	1387.34477	1293.50346	1293.48096	
20.28592	1387.35854	1387.34477	1293.50346	1293.48096	
20.29606	1387.35854	1387.34477	1293.50346	1293.48096	
20.30622	1387.35854	1387.34477	1293.50346	1293.48096	
20.31632	1387.35854	1387.34477	1293.50346	1293.48096	
20.32645	1387.35854	1387.34477	1293.50346	1293.48096	
20.33657	1387.35854	1387.34477	1293.50346	1293.48096	
20.34669	1387.35854	1387.34477	1293.50346	1293.48096	
20.35688	1387.35854	1387.34477	1293.50346	1293.48096	
20.36697	1387.35854	1387.34477	1293.50346	1293.48096	
20.37716	1387.35854	1387.34477	1293.50346	1293.48096	
20.38721	1387.35854	1387.34477	1293.50346	1293.48096	
20.39734	1387.35854	1387.34477	1293.50346	1293.48096	
20.40744	1387.35854	1387.34477	1293.50346	1293.48096	
20.41762	1387.35854	1387.34477	1293.50346	1293.48096	
20.42772	1387.35854	1387.34477	1293.50346	1293.48096	
20.4379	1387.35854	1387.34477	1293.50346	1293.48096	
20.44805	1387.35854	1387.34477	1293.50346	1293.48096	
20.45814	1387.35854	1387.34477	1293.50346	1293.48096	
20.46832	1387.35854	1387.34477	1293.50346	1293.48096	
20.47844	1387.35854	1387.34477	1293.50346	1293.48096	
20.48888	1387.35854	1387.34477	1293.50346	1293.48096	
20.49891	1387.35854	1387.34477	1293.50346	1293.48096	
20.50905	1387.35854	1387.34477	1293.50346	1293.48096	
20.5192	1387.35854	1387.34477	1293.50346	1293.48096	
20.52933	1387.35854	1387.34477	1293.50346	1293.48096	
20.53947	1387.35854	1387.34477	1293.50346	1293.48096	
20.5496	1387.35854	1387.34477	1293.50346	1293.48096	
20.55981	1387.35854	1387.34477	1293.50346	1293.48096	
20.56987	1387.35854	1387.34477	1293.50346	1293.48096	
20.57999	1387.35854	1387.34477	1293.50346	1293.48096	
20.59015	1387.35854	1387.34477	1293.50346	1293.48096	
20.60027	1387.35854	1387.34477	1293.50346	1293.48096	
20.61039	1387.35854	1387.34477	1293.50346	1293.48096	
20.62066	1387.35854	1387.34477	1293.50346	1293.48096	
20.63079	1387.35854	1387.34477	1293.50346	1293.48096	
20.64094	1387.35854	1387.34477	1293.50346	1293.48096	
20.65103	1387.35854	1387.34477	1293.50346	1293.48096	
20.66116	1387.35854	1387.34477	1293.50346	1293.48096	
20.67132	1387.35854	1387.34477	1293.50346	1293.48096	
20.68144	1387.35854	1387.34477	1293.50346	1293.48096	
20.69157	1387.35854	1387.34477	1293.50346	1293.48096	
20.70171	1387.35854	1387.34477	1293.50346	1293.48096	
20.71189	1387.35854	1387.34477	1293.50346	1293.48096	
20.722	1387.35854	1387.34477	1293.50346	1293.48096	
20.73212	1387.35854	1387.34477	1293.50346	1293.48096	
20.74229	1387.35854	1387.34477	1293.50346	1293.48969	
20.7524	1387.35854	1387.34477	1293.50346	1293.48969	
20.76254	1387.35854	1387.34477	1293.50346	1293.48096	
20.77266	1387.35854	1387.34477	1293.50346	1293.48096	
20.78282	1387.35854	1387.34477	1293.50346	1293.48096	
20.79295	1387.35854	1387.34477	1293.50346	1293.48096	
20.80307	1387.35854	1387.34477	1293.50346	1293.48096	
20.81324	1387.35854	1387.34477	1293.50346	1293.48096	
20.82337	1387.35854	1387.34477	1293.50346	1293.48096	
20.83344	1387.35854	1387.34477	1293.50346	1293.48096	
20.8436	1387.35854	1387.34477	1293.50346	1293.48096	
20.85373	1387.35854	1387.34477	1293.50346	1293.48096	
20.8639	1387.35854	1387.34477	1293.50346	1293.48096	
20.87399	1387.35854	1387.34477	1293.50346	1293.48096	
20.88422	1387.35854	1387.34477	1293.50346	1293.48096	
20.89439	1387.35854	1387.34477	1293.50346	1293.48096	
20.90449	1387.35854	1387.34477	1293.50346	1293.48096	
20.91463	1387.35854	1387.34477	1293.50346	1293.48096	
20.92477	1387.35854	1387.34477	1293.50346	1293.48096	
20.93489	1387.35854	1387.34477	1293.50346	1293.48096	
20.94505	1387.35854	1387.34477	1293.50346	1293.48096	
20.95514	1387.35854	1387.34477	1293.50346	1293.48096	
20.96528	1387.35854	1387.34477	1293.50346	1293.48096	
20.97539	1387.35854	1387.34477	1293.50346	1293.48096	
20.98594	1387.35854	1387.34477	1293.50346	1293.48096	
20.9959	1387.35854	1387.34477	1293.50346	1293.48096	
21.00578	1387.35854	1387.34477	1293.50346	1293.48096	
21.01595	1387.35854	1387.34477	1293.50346	1293.48096	
21.02607	1387.35854	1387.34477	1293.50346	1293.48096	
21.03616	1387.35854	1387.34477	1293.50346	1293.48096	
21.04633	1387.35854	1387.34477	1293.50346	1293.48096	
21.05642	1387.35854	1387.34477	1293.50346	1293.48096	
21.06655	1387.35854	1387.34477	1293.50346	1293.48096	
21.07665	1387.35854	1387.34477	1293.50346	1293.48096	
21.08687	1387.35854	1387.34477	1293.50346	1293.48096	
21.09697	1387.35854	1387.34477	1293.50346	1293.48096	
21.10751	1387.35854	1387.34477	1293.50346	1293.48096	
21.11732	1387.35854	1387.34477	1293.50346	1293.48096	
21.12747	1387.35854	1387.34477	1293.50346	1293.48096	
21.13755	1387.35854	1387.34477	1293.50346	1293.48096	
21.14767	1387.35854	1387.34477	1293.50346	1293.48096	
21.15781	1387.35854	1387.34477	1293.50346	1293.48096	
21.16797	1387.35854	1387.34477	1293.50346	1293.48096	
21.17806	1387.35854	1387.34477	1293.50346	1293.48096	
21.18819	1387.35854	1387.34477	1293.50346	1293.48096	
21.20694	1387.35854	1387.34477	1293.50346	1293.48096	
21.21132	1387.35854	1387.34477	1293.50346	1293.48096	
21.22143	1387.35854	1387.34477	1293.50346	1293.48096	
21.23169	1387.35854	1387.34477	1293.50346	1293.48096	
21.24173	1387.35854	1387.34477	1293.50346	1293.48096	
21.25186	1387.35854	1387.34477	1293.50346	1293.48096	
21.26199	1387.35854	1387.34477	1293.50346	1293.48096	
21.27214	1387.35854	1387.34477	1293.50346	1293.48096	
21.28228	1387.35854	1387.34477	1293.50346	1293.48096	
21.29239	1387.35854	1387.34477	1293.50346	1293.48096	
21.30256	1387.35854	1387.34477	1293.50346	1293.48096	
21.31268	1387.35854	1387.34477	1293.50346	1293.48096	
21.32419	1387.35854	1387.34477	1293.50346	1293.48096	
21.33306	1387.35854	1387.34477	1293.50346	1293.48096	
21.34308	1387.35854	1387.34477	1293.50346	1293.48096	
21.35327	1387.35854	1387.34477	1293.50346	1293.48096	
21.36336	1387.35854	1387.34477	1293.50346	1293.48096	
21.37349	1387.35854	1387.34477	1293.50346	1293.48096	
21.38368	1387.35854	1387.34477	1293.50346	1293.48096	
21.39377	1387.35854	1387.34477	1293.50346	1293.48096	
21.40389	1387.35854	1387.34477	1293.50346	1293.48096	
21.41399	1387.35854	1387.34477	1293.50346	1293.48096	
21.42416	1387.35854	1387.34477	1293.50346	1293.48096	
21.43442	1387.35854	1387.34477	1293.50346	1293.48096	
21.44442	1387.35854	1387.34477	1293.50346	1293.48096	
21.45458	1387.35854	1387.34477	1293.50346	1293.48096	
21.46468	1387.35854	1387.34477	1293.50346	1293.48096	
21.4748	1387.35854	1387.34477	1293.50346	1293.48096	
21.48489	1387.35854	1387.34477	1293.50346	1293.48096	
21.49522	1387.35854	1387.34477	1293.50346	1293.48096	
21.50529	1387.35854	1387.34477	1293.50346	1293.48096	
21.51532	1387.35854	1387.34477	1293.50346	1293.48096	
21.52551	1387.35854	1387.34477	1293.50346	1293.48096	
21.53562	1387.35854	1387.34477	1293.50346	1293.48096	
21.54573	1387.35854	1387.34477	1293.50346	1293.48096	
21.55585	1387.35854	1387.34477	1293.50346	1293.48096	
21.56598	1387.35854	1387.34477	1293.50346	1293.48096	
21.57793	1387.35854	1387.34477	1293.50346	1293.48096	
21.58621	1387.35854	1387.34477	1293.50346	1293.48096	
21.59633	1387.35854	1387.34477	1293.50346	1293.48096	
21.60649	1387.35854	1387.34477	1293.50346	1293.48096	
21.61659	1387.35854	1387.34477	1293.50346	1293.48096	
21.62679	1387.35854	1387.34477	1293.50346	1293.48096	
21.63693	1387.35854	1387.34477	1293.50346	1293.48096	
21.64701	1387.35854	1387.34477	1293.50346	1293.48096	
21.6572	1387.35854	1387.34477	1293.50346	1293.48096	
21.66732	1387.35854	1387.34477	1293.50346	1293.48096	
21.67736	1387.35854	1387.34477	1293.50346	1293.48096	
21.68773	1387.35854	1387.34477	1293.50346	1293.48096	
21.69763	1387.35854	1387.34477	1293.50346	1293.48096	
21.70776	1387.35854	1387.34477	1293.50346	1293.48096	
21.71788	1387.35854	1387.34477	1293.50346	1293.48096	
21.72803	1387.35854	1387.34477	1293.50346	1293.48096	
21.73817	1387.35854	1387.34477	1293.50346	1293.48096	
21.74836	1387.35854	1387.34477	1293.50346	1293.48096	
21.75847	1387.35854	1387.34477	1293.50346	1293.48096	
21.76856	1387.35854	1387.34477	1293.50346	1293.48096	
21.7787	1387.35854	1387.34477	1293.50346	1293.48096	
21.78884	1387.35854	1387.34477	1293.50346	1293.48096	
21.79897	1387.35854	1387.34477	1293.50346	1293.48096	
21.80919	1387.35854	1387.34477	1293.50346	1293.48096	
21.81926	1387.35854	1387.34477	1293.50346	1293.48096	
21.82938	1387.35854	1387.34477	1293.50346	1293.48096	
21.83953	1387.35854	1387.34477	1293.50346	1293.48096	
21.84967	1387.35854	1387.34477	1293.50346	1293.48096	
21.85979	1387.35854	1387.34477	1293.50346	1293.48096	
21.86993	1387.35854	1387.34477	1293.50346	1293.48096	
21.88007	1387.35854	1387.34477	1293.50346	1293.48096	
21.89022	1387.35854	1387.34477	1293.50346	1293.48096	
21.90034	1387.35854	1387.34477	1293.50346	1293.48096	
21.91071	1387.35854	1387.34477	1293.50346	1293.48096	
21.92079	1387.35854	1387.34477	1293.50346	1293.48096	
21.9309	1387.35854	1387.34477	1293.50346	1293.48096	
21.94105	1387.35854	1387.34477	1293.50346	1293.48096	
21.95121	1387.35854	1387.34477	1293.50346	1293.48096	
21.9614	1387.35854	1387.34477	1293.50346	1293.48096	
21.97149	1387.35854	1387.34477	1293.50346	1293.48096	
21.98167	1387.35854	1387.34477	1293.50346	1293.48096	
21.99187	1387.35854	1387.34477	1293.50346	1293.48096	
22.00196	1387.35854	1387.34477	1293.50346	1293.48096	
22.01208	1387.35854	1387.34477	1293.50346	1293.48096	
22.02221	1387.35854	1387.34477	1293.50346	1293.48096	
22.03237	1387.35854	1387.34477	1293.50346	1293.48096	
22.04249	1387.35854	1387.34477	1293.50346	1293.48096	
22.05265	1387.35854	1387.34477	1293.50346	1293.48096	
22.06287	1387.35854	1387.34477	1293.50346	1293.48096	
22.073	1387.35854	1387.34477	1293.50346	1293.48096	
22.08311	1387.35854	1387.34477	1293.50346	1293.48096	
22.09329	1387.35854	1387.34477	1293.50346	1293.48096	
22.10341	1387.35854	1387.34477	1293.50346	1293.48096	
22.11352	1387.35854	1387.34477	1293.50346	1293.48096	
22.12365	1387.35854	1387.34477	1293.50346	1293.48096	
22.13379	1387.35854	1387.34477	1293.50346	1293.48096	
22.14398	1387.35854	1387.34477	1293.50346	1293.48096	
22.15408	1387.35854	1387.34477	1293.50346	1293.48096	
22.1642	1387.35854	1387.34477	1293.50346	1293.48096	
22.17438	1387.35854	1387.34477	1293.50346	1293.48096	
22.18446	1387.35854	1387.34477	1293.50346	1293.48096	
22.19459	1387.35854	1387.34477	1293.50346	1293.48096	
22.20549	1387.35854	1387.34477	1293.50346	1293.48096	
22.21484	1387.35854	1387.34477	1293.50346	1293.48096	
22.22495	1387.35854	1387.34477	1293.50346	1293.48096	
22.23508	1387.35854	1387.34477	1293.50346	1293.48096	
22.24525	1387.35854	1387.34477	1293.50346	1293.48096	
22.2554	1387.35854	1387.34477	1293.50346	1293.48096	
22.26552	1387.35854	1387.34477	1293.50346	1293.48096	
22.27563	1387.35854	1387.34477	1293.50346	1293.48096	
22.28574	1387.35854	1387.34477	1293.50346	1293.48096	
22.29594	1387.35854	1387.34477	1293.50346	1293.48096	
22.306	1387.35854	1387.34477	1293.50346	1293.48096	
22.31612	1387.35854	1387.34477	1293.50346	1293.48096	
22.32763	1387.35854	1387.34477	1293.50346	1293.48096	
22.33639	1387.35854	1387.34477	1293.50346	1293.48096	
22.34652	1387.35854	1387.34477	1293.50346	1293.48096	
22.3569	1387.35854	1387.34477	1293.50346	1293.48096	
22.36685	1387.35854	1387.34477	1293.50346	1293.48096	
22.37697	1387.35854	1387.34477	1293.50346	1293.48096	
22.38705	1387.35854	1387.34477	1293.50346	1293.48096	
22.39717	1387.35854	1387.34477	1293.50346	1293.48096	
22.40729	1387.35854	1387.34477	1293.50346	1293.48096	
22.41745	1387.35854	1387.34477	1293.50346	1293.48096	
22.42755	1387.35854	1387.34477	1293.50346	1293.48096	
22.43768	1387.35854	1387.34477	1293.50346	1293.48096	
22.44788	1387.35854	1387.34477	1293.50346	1293.48096	
22.45794	1387.35854	1387.34477	1293.50346	1293.48096	
22.46807	1387.35854	1387.34477	1293.50346	1293.48096	
22.47819	1387.35854	1387.34477	1293.50346	1293.48096	
22.49638	1387.35854	1387.34477	1293.50346	1293.48096	
22.50079	1387.35854	1387.34477	1293.50346	1293.48096	
22.51091	1387.35854	1387.34477	1293.50346	1293.48096	
22.52106	1387.35854	1387.34477	1293.50346	1293.48096	
22.53117	1387.35854	1387.34477	1293.50346	1293.48096	
22.54134	1387.35854	1387.34477	1293.50346	1293.48096	
22.55146	1387.35854	1387.34477	1293.50346	1293.48096	
22.56165	1387.35854	1387.34477	1293.50346	1293.48096	
22.57173	1387.35854	1387.34477	1293.50346	1293.48096	
22.58181	1387.35854	1387.34477	1293.50346	1293.48096	
22.59203	1387.35854	1387.34477	1293.50346	1293.48096	
22.6021	1387.35854	1387.34477	1293.50346	1293.48969	
22.6122	1387.35854	1387.34477	1293.50346	1293.48969	
22.62243	1387.35854	1387.34477	1293.50346	1293.48969	
22.63252	1387.35854	1387.34477	1293.50346	1293.48969	
22.64264	1387.35854	1387.34477	1293.50346	1293.48096	
22.65274	1387.35854	1387.34477	1293.50346	1293.48096	
22.67636	1387.35854	1387.34477	1293.50346	1293.48096	
22.68096	1387.35854	1387.34477	1293.50346	1293.48096	
