1.815054	1437.32362	1437.32227	1343.46854	1343.46719	
1.825165	1437.32528	1437.32227	1343.4702	1343.46719	
1.835405	1437.3276	1437.32227	1343.47252	1343.46719	
1.845432	1437.33046	1437.32227	1343.47538	1343.46719	
1.86386	1437.33823	1437.32227	1343.48315	1343.46719	
1.868233	1437.34	1437.32227	1343.48492	1343.46719	
1.878416	1437.34493	1437.32227	1343.48985	1343.46719	
1.88851	1437.35042	1437.32227	1343.49534	1343.46719	
1.898637	1437.35655	1437.32227	1343.50147	1343.47592	
1.908781	1437.36331	1437.331	1343.50823	1343.47592	
1.919001	1437.37076	1437.331	1343.51568	1343.47592	
1.929093	1437.3787	1437.331	1343.52362	1343.47592	
1.94175	1437.38974	1437.331	1343.53466	1343.47592	
1.951779	1437.39899	1437.33973	1343.54391	1343.47592	
1.961964	1437.40903	1437.34845	1343.55395	1343.47592	
1.972767	1437.4204	1437.35718	1343.56532	1343.47592	
1.982854	1437.4316	1437.36591	1343.57652	1343.47592	
1.992961	1437.44343	1437.37463	1343.58835	1343.48465	
2.003228	1437.45635	1437.39209	1343.60127	1343.49337	
2.014552	1437.47087	1437.40081	1343.61579	1343.5021	
2.023744	1437.48331	1437.41827	1343.62823	1343.51955	
2.03349	1437.49708	1437.43572	1343.642	1343.537	
2.043858	1437.5124	1437.45317	1343.65731	1343.55446	
2.053765	1437.5276	1437.47063	1343.67252	1343.57191	
2.063937	1437.54385	1437.47935	1343.68877	1343.58936	
2.075768	1437.56365	1437.50553	1343.70857	1343.61554	
2.085792	1437.58096	1437.52299	1343.72588	1343.64172	
2.095911	1437.59906	1437.54044	1343.74398	1343.65918	
2.10631	1437.61833	1437.55789	1343.76325	1343.68536	
2.117511	1437.63986	1437.57534	1343.78478	1343.71154	
2.126323	1437.65718	1437.60152	1343.8021	1343.72899	
2.136473	1437.67782	1437.61898	1343.82274	1343.75517	
2.146641	1437.6991	1437.64516	1343.84402	1343.78135	
2.156683	1437.72072	1437.67134	1343.86564	1343.81626	
2.166845	1437.74324	1437.69752	1343.88816	1343.83371	
2.177036	1437.76642	1437.71497	1343.91134	1343.86862	
2.187148	1437.79004	1437.74988	1343.93496	1343.8948	
2.197328	1437.81445	1437.76733	1343.95937	1343.92098	
2.207381	1437.83915	1437.80224	1343.98407	1343.94716	
2.218667	1437.86772	1437.82842	1344.01264	1343.97334	
2.227881	1437.89145	1437.8546	1344.03637	1344.00824	
2.23796	1437.91807	1437.8895	1344.06299	1344.03442	
2.248248	1437.94589	1437.91568	1344.09081	1344.0606	
2.25821	1437.9734	1437.94186	1344.11832	1344.08678	
2.268428	1438.00226	1437.97677	1344.14718	1344.11296	
2.278626	1438.03168	1438.00295	1344.1766	1344.13914	
2.288737	1438.06147	1438.02913	1344.20639	1344.16532	
2.298873	1438.09194	1438.06404	1344.23686	1344.20023	
2.309009	1438.12303	1438.09894	1344.26795	1344.22641	
2.319973	1438.15744	1438.12512	1344.30236	1344.25259	
2.329319	1438.18721	1438.1513	1344.33213	1344.27877	
2.339404	1438.21997	1438.18621	1344.36489	1344.31368	
2.349755	1438.25427	1438.22112	1344.39919	1344.34858	
2.359658	1438.28764	1438.2473	1344.43256	1344.37476	
2.369836	1438.32259	1438.2822	1344.46751	1344.40967	
2.380016	1438.35814	1438.31711	1344.50306	1344.44458	
2.390107	1438.39402	1438.35202	1344.53894	1344.47948	
2.400242	1438.43065	1438.39565	1344.57557	1344.51439	
2.410337	1438.46774	1438.43056	1344.61266	1344.55802	
2.421285	1438.50876	1438.46546	1344.65368	1344.60166	
2.430733	1438.54461	1438.5091	1344.68953	1344.63656	
2.440812	1438.58348	1438.544	1344.7284	1344.6802	
2.450973	1438.62332	1438.58764	1344.76824	1344.72383	
2.461149	1438.66382	1438.63127	1344.80873	1344.76746	
2.471246	1438.70462	1438.6749	1344.84954	1344.8111	
2.481373	1438.74615	1438.71854	1344.89107	1344.86346	
2.492849	1438.79408	1438.76217	1344.939	1344.89836	
2.501743	1438.83161	1438.8058	1344.97653	1344.94199	
2.511743	1438.87443	1438.84944	1345.01935	1344.98563	
2.522597	1438.92168	1438.89307	1345.0666	1345.03799	
2.532091	1438.96347	1438.9367	1345.10839	1345.07289	
2.542209	1439.00866	1438.98034	1345.15358	1345.12525	
2.552323	1439.05444	1439.02397	1345.19936	1345.16016	
2.562442	1439.10088	1439.0676	1345.2458	1345.21252	
2.572628	1439.14826	1439.11123	1345.29318	1345.25615	
2.582761	1439.19597	1439.16359	1345.34089	1345.29979	
2.5929	1439.24433	1439.21595	1345.38925	1345.35215	
2.603087	1439.29356	1439.25959	1345.43848	1345.39578	
2.613437	1439.34461	1439.31195	1345.48953	1345.43941	
2.624124	1439.39815	1439.36431	1345.54307	1345.49177	
2.633986	1439.4467	1439.41667	1345.59162	1345.54413	
2.64405	1439.4978	1439.46903	1345.64272	1345.59649	
2.654198	1439.54994	1439.52139	1345.69486	1345.64885	
2.6647	1439.6046	1439.57375	1345.74952	1345.70121	
2.674413	1439.65567	1439.62611	1345.80059	1345.75357	
2.684524	1439.70947	1439.67847	1345.85439	1345.80593	
2.694716	1439.76432	1439.73083	1345.90924	1345.85829	
2.704786	1439.8191	1439.79191	1345.96402	1345.91065	
2.714931	1439.87495	1439.84427	1346.01987	1345.97174	
2.726225	1439.93793	1439.90536	1346.08285	1346.03283	
2.736356	1439.99495	1439.95772	1346.13987	1346.09391	
2.746461	1440.05248	1440.01881	1346.1974	1346.155	
2.756558	1440.11055	1440.07989	1346.25547	1346.20736	
2.766778	1440.17001	1440.13225	1346.31493	1346.26845	
2.776885	1440.22935	1440.19334	1346.37427	1346.32953	
2.787084	1440.2899	1440.25443	1346.43482	1346.39934	
2.797221	1440.35069	1440.31551	1346.4956	1346.46043	
2.807253	1440.41143	1440.3766	1346.55635	1346.52152	
2.817584	1440.47467	1440.43768	1346.61959	1346.59133	
2.827844	1440.53811	1440.5075	1346.68303	1346.65242	
2.837892	1440.60079	1440.56858	1346.74571	1346.7135	
2.848037	1440.66473	1440.62967	1346.80965	1346.78332	
2.858138	1440.72897	1440.69948	1346.87389	1346.85313	
2.868328	1440.79444	1440.7693	1346.93936	1346.92294	
2.878498	1440.86039	1440.83911	1347.00531	1346.99276	
2.888584	1440.92639	1440.90892	1347.07131	1347.05384	
2.898751	1440.99356	1440.97001	1347.13848	1347.11493	
2.908826	1441.06071	1441.03982	1347.20563	1347.18474	
2.919209	1441.13061	1441.10964	1347.27553	1347.26328	
2.929132	1441.19797	1441.17945	1347.34289	1347.32437	
2.939332	1441.26782	1441.24926	1347.41274	1347.39418	
2.949461	1441.33781	1441.3278	1347.48273	1347.464	
2.959569	1441.40827	1441.39762	1347.55319	1347.53381	
2.970339	1441.48413	1441.46743	1347.62904	1347.60362	
2.979935	1441.55212	1441.53724	1347.69704	1347.67344	
2.989993	1441.62406	1441.60706	1347.76898	1347.75198	
3.000094	1441.69692	1441.67687	1347.84184	1347.82179	
3.010271	1441.77096	1441.75541	1347.91588	1347.8916	
3.020374	1441.84505	1441.82522	1347.98997	1347.96141	
3.03063	1441.92097	1441.90376	1348.06589	1348.03995	
3.040728	1441.99625	1441.97357	1348.14117	1348.10977	
3.050845	1442.07232	1442.05211	1348.21724	1348.18831	
3.060991	1442.14922	1442.12193	1348.29414	1348.25812	
3.071103	1442.22646	1442.20047	1348.37138	1348.32793	
3.081268	1442.30476	1442.27028	1348.44968	1348.40647	
3.091365	1442.38311	1442.34882	1348.52803	1348.47629	
3.101567	1442.46294	1442.42736	1348.60786	1348.55483	
3.111654	1442.54244	1442.49717	1348.68736	1348.63337	
3.121768	1442.6228	1442.58444	1348.76772	1348.71191	
3.131998	1442.70471	1442.66298	1348.84963	1348.79045	
3.142116	1442.78631	1442.74152	1348.93123	1348.87771	
3.152236	1442.86854	1442.82006	1349.01346	1348.95625	
3.162353	1442.95138	1442.8986	1349.0963	1349.04352	
3.172482	1443.03492	1442.98587	1349.17984	1349.12206	
3.182709	1443.11992	1443.06441	1349.26484	1349.20932	
3.192769	1443.20409	1443.15167	1349.34901	1349.28786	
3.202942	1443.28989	1443.23021	1349.43481	1349.37513	
3.213134	1443.37645	1443.31748	1349.52136	1349.4624	
3.22339	1443.46502	1443.40474	1349.60993	1349.54966	
3.233388	1443.55031	1443.50074	1349.69523	1349.64566	
3.243538	1443.63834	1443.588	1349.78326	1349.73292	
3.253642	1443.72659	1443.684	1349.87151	1349.82892	
3.26377	1443.81568	1443.77126	1349.9606	1349.91618	
3.274026	1443.90656	1443.85853	1350.05148	1350.01218	
3.284252	1443.99774	1443.95452	1350.14266	1350.09944	
3.294313	1444.08807	1444.04179	1350.23299	1350.19544	
3.304446	1444.1797	1444.13778	1350.32461	1350.29143	
3.314524	1444.27138	1444.2425	1350.4163	1350.38742	
3.324902	1444.36651	1444.3385	1350.51143	1350.48342	
3.334871	1444.45846	1444.43449	1350.60338	1350.58814	
3.345006	1444.55253	1444.53048	1350.69745	1350.68413	
3.355137	1444.64719	1444.62648	1350.79211	1350.78012	
3.365297	1444.74275	1444.73119	1350.88767	1350.87611	
3.375395	1444.83835	1444.82719	1350.98327	1350.97211	
3.385607	1444.93564	1444.93191	1351.08056	1351.07683	
3.395896	1445.03431	1445.0279	1351.17923	1351.18155	
3.405783	1445.12966	1445.13262	1351.27458	1351.27754	
3.415875	1445.22766	1445.23734	1351.37258	1351.37353	
3.426277	1445.32933	1445.33333	1351.47425	1351.47825	
3.436215	1445.42705	1445.43805	1351.57197	1351.58297	
3.446362	1445.52737	1445.53405	1351.67229	1351.67897	
3.456447	1445.62772	1445.63877	1351.77264	1351.77496	
3.466549	1445.72887	1445.73476	1351.87378	1351.87968	
3.476723	1445.83142	1445.83948	1351.97634	1351.9844	
3.486855	1445.93406	1445.93547	1352.07898	1352.08912	
3.506123	1446.1321	1446.12746	1352.27702	1352.2811	
3.510497	1446.17696	1446.17109	1352.32188	1352.32474	
3.520596	1446.28136	1446.27581	1352.42628	1352.42073	
3.531807	1446.39812	1446.3718	1352.54304	1352.52545	
3.541341	1446.49783	1446.4678	1352.64275	1352.62144	
3.551049	1446.59984	1446.57252	1352.74476	1352.72616	
3.561174	1446.70699	1446.66851	1352.85191	1352.82216	
3.571271	1446.81442	1446.77323	1352.95934	1352.92688	
3.581512	1446.92404	1446.87795	1353.06896	1353.0316	
3.591555	1447.03211	1446.98267	1353.17703	1353.13632	
3.601707	1447.14199	1447.08739	1353.2869	1353.24976	
3.611903	1447.25298	1447.19211	1353.3979	1353.34576	
3.622152	1447.36524	1447.29683	1353.51016	1353.4592	
3.633094	1447.4858	1447.40155	1353.63072	1353.56392	
3.642275	1447.58728	1447.515	1353.7322	1353.67737	
3.652435	1447.70036	1447.62844	1353.84528	1353.78209	
3.66261	1447.81422	1447.74189	1353.95914	1353.88681	
3.672647	1447.92709	1447.85533	1354.07201	1354.00025	
3.682848	1448.04252	1447.96878	1354.18744	1354.1137	
3.692946	1448.1573	1448.08223	1354.30222	1354.21842	
3.703103	1448.27341	1448.2044	1354.41833	1354.33187	
3.713217	1448.38967	1448.31785	1354.53459	1354.44531	
3.723514	1448.50867	1448.43129	1354.65359	1354.56749	
3.734246	1448.63347	1448.55347	1354.77839	1354.68093	
3.743666	1448.74339	1448.67564	1354.88831	1354.80311	
3.753756	1448.86173	1448.79781	1355.00665	1354.92528	
3.763924	1448.98167	1448.91999	1355.12659	1355.04745	
3.774021	1449.10141	1449.04216	1355.24633	1355.16962	
3.784669	1449.2284	1449.16433	1355.37332	1355.30052	
3.794278	1449.34348	1449.29523	1355.4884	1355.4227	
3.804421	1449.46516	1449.42613	1355.61008	1355.54487	
3.814524	1449.58644	1449.5483	1355.73136	1355.67577	
3.824603	1449.70735	1449.6792	1355.85227	1355.80667	
3.835521	1449.83846	1449.80138	1355.98338	1355.92884	
3.844937	1449.95144	1449.93228	1356.09636	1356.05974	
3.855033	1450.07251	1450.05445	1356.21743	1356.19064	
3.865156	1450.19398	1450.17662	1356.3389	1356.32154	
3.875257	1450.31522	1450.30752	1356.46014	1356.45244	
3.885523	1450.43845	1450.43842	1356.58337	1356.58334	
3.895601	1450.55936	1450.56059	1356.70428	1356.71424	
3.905703	1450.68055	1450.68277	1356.82547	1356.83641	
3.91584	1450.80225	1450.81367	1356.94717	1356.96731	
3.925886	1450.9228	1450.94457	1357.06772	1357.08949	
3.936728	1451.05294	1451.06674	1357.19786	1357.22039	
3.946205	1451.16663	1451.18891	1357.31155	1357.34256	
3.956309	1451.28784	1451.31109	1357.43276	1357.46473	
3.966399	1451.40892	1451.43326	1357.55384	1357.58691	
3.976576	1451.5311	1451.55543	1357.67602	1357.71781	
3.986902	1451.65506	1451.67761	1357.79998	1357.83998	
3.996815	1451.77393	1451.79978	1357.91885	1357.96215	
4.007024	1451.89641	1451.92195	1358.04133	1358.08432	
4.017129	1452.01765	1452.04412	1358.16257	1358.2065	
4.027169	1452.13813	1452.1663	1358.28305	1358.31994	
4.037963	1452.26775	1452.28847	1358.41267	1358.44212	
4.047891	1452.38691	1452.41064	1358.53183	1358.56429	
4.057967	1452.50769	1452.53282	1358.65261	1358.68646	
4.068106	1452.6294	1452.65499	1358.77432	1358.80864	
4.078195	1452.75045	1452.77716	1358.89537	1358.93081	
4.088331	1452.87207	1452.89061	1359.01699	1359.05298	
4.098511	1452.99424	1453.01278	1359.13916	1359.17515	
4.10864	1453.11577	1453.12623	1359.26069	1359.2886	
4.118842	1453.23819	1453.2484	1359.38311	1359.41077	
4.128942	1453.35943	1453.37057	1359.50435	1359.53295	
4.140272	1453.49548	1453.49275	1359.6404	1359.64639	
4.149357	1453.60444	1453.61492	1359.74936	1359.76857	
4.159392	1453.72482	1453.73709	1359.86974	1359.89074	
4.169522	1453.84635	1453.85927	1359.99127	1360.01291	
4.179629	1453.96765	1453.97271	1360.11257	1360.12636	
4.189805	1454.08978	1454.09489	1360.2347	1360.23981	
4.199993	1454.21204	1454.21706	1360.35696	1360.36198	
4.21009	1454.33317	1454.33051	1360.47809	1360.48415	
4.220245	1454.45504	1454.45268	1360.59996	1360.5976	
4.230347	1454.57629	1454.57485	1360.72121	1360.71977	
4.241624	1454.71168	1454.6883	1360.8566	1360.83322	
4.251012	1454.82433	1454.80174	1360.96925	1360.95539	
4.260803	1454.94178	1454.92392	1361.0867	1361.06011	
4.270964	1455.06366	1455.04609	1361.20858	1361.18228	
4.281049	1455.18471	1455.16826	1361.32963	1361.30446	
4.291239	1455.30698	1455.28171	1361.4519	1361.42663	
4.301433	1455.42934	1455.40388	1361.57426	1361.5488	
4.311492	1455.55002	1455.51733	1361.69494	1361.66225	
4.321635	1455.67172	1455.6395	1361.81664	1361.7757	
4.331733	1455.79291	1455.76168	1361.93783	1361.9066	
4.342896	1455.92696	1455.88385	1362.07188	1362.02877	
4.352077	1456.0371	1456.00602	1362.18202	1362.15094	
4.362179	1456.1583	1456.12819	1362.30322	1362.27311	
4.372313	1456.27988	1456.25037	1362.4248	1362.40401	
4.382421	1456.40116	1456.38127	1362.54608	1362.52619	
4.3926	1456.52331	1456.50344	1362.66823	1362.65709	
4.402783	1456.64554	1456.63434	1362.79046	1362.78799	
4.412866	1456.76652	1456.75651	1362.91144	1362.91016	
4.422952	1456.88752	1456.87869	1363.03244	1363.03233	
4.433248	1457.01397	1457.00959	1363.15889	1363.16323	
4.444291	1457.14369	1457.14049	1363.28861	1363.29413	
4.453751	1457.25723	1457.26266	1363.40215	1363.42503	
4.463521	1457.37439	1457.39356	1363.51931	1363.5472	
4.47363	1457.49566	1457.52446	1363.64058	1363.6781	
4.483713	1457.61672	1457.64663	1363.76164	1363.80028	
4.493891	1457.73882	1457.7688	1363.88374	1363.92245	
4.504048	1457.86071	1457.89098	1364.00563	1364.04462	
4.514212	1457.98267	1458.02188	1364.12759	1364.1668	
4.524273	1458.10339	1458.14405	1364.24831	1364.28897	
4.534683	1458.2284	1458.26622	1364.37332	1364.41114	
4.545604	1458.35944	1458.37967	1364.50436	1364.53332	
4.555003	1458.47223	1458.50184	1364.61715	1364.65549	
4.564766	1458.58933	1458.62402	1364.73425	1364.76894	
4.574924	1458.71119	1458.73746	1364.85611	1364.89111	
4.584993	1458.83203	1458.85964	1364.97695	1365.00455	
4.595131	1458.95372	1458.97308	1365.09864	1365.118	
4.605636	1459.07982	1459.09525	1365.22474	1365.24017	
4.615366	1459.19652	1459.2087	1365.34144	1365.35362	
4.634037	1459.42064	1459.32215	1365.56556	1365.57179	
4.638393	1459.47284	1459.4705	1365.61776	1365.61542	
4.649537	1459.60658	1459.6014	1365.7515	1365.75505	
4.659615	1459.72749	1459.71485	1365.87241	1365.86849	
4.669819	1459.84996	1459.82829	1365.99488	1365.99067	
4.679932	1459.97128	1459.94174	1366.1162	1366.10411	
4.690028	1460.09245	1460.05519	1366.23737	1366.23501	
4.700253	1460.21515	1460.17736	1366.36007	1366.34846	
4.710418	1460.33715	1460.29081	1366.48207	1366.47063	
4.720482	1460.45788	1460.40425	1366.6028	1366.5928	
4.730616	1460.5795	1460.53515	1366.72442	1366.71498	
4.74073	1460.70087	1460.65732	1366.84579	1366.82842	
4.750989	1460.82402	1460.7795	1366.96894	1366.95932	
4.761122	1460.9456	1460.9104	1367.09052	1367.0815	
4.771246	1461.06708	1461.03257	1367.212	1367.19494	
4.781474	1461.18982	1461.15474	1367.33474	1367.31712	
4.791474	1461.30981	1461.28564	1367.45473	1367.44802	
4.801708	1461.43263	1461.41654	1367.57755	1367.57019	
4.81183	1461.5541	1461.53872	1367.69902	1367.69236	
4.821958	1461.67561	1461.66962	1367.82053	1367.81453	
4.832082	1461.7971	1461.80052	1367.94202	1367.93671	
4.842177	1461.91824	1461.92269	1368.06316	1368.05888	
4.852416	1462.04114	1462.04486	1368.18606	1368.18105	
4.862565	1462.16293	1462.17576	1368.30785	1368.30323	
4.872679	1462.28426	1462.29793	1368.42918	1368.4254	
4.882831	1462.40607	1462.42011	1368.55099	1368.53885	
4.892903	1462.52696	1462.54228	1368.67188	1368.66975	
4.903093	1462.64923	1462.66445	1368.79415	1368.78319	
4.913231	1462.77093	1462.78663	1368.91585	1368.90537	
4.923375	1462.89266	1462.9088	1369.03758	1369.02754	
4.933509	1463.0143	1463.02225	1369.15922	1369.14971	
4.943609	1463.13553	1463.15315	1369.28045	1369.27188	
4.953828	1463.25808	1463.26659	1369.403	1369.39406	
4.972771	1463.4855	1463.48476	1369.63042	1369.61222	
4.977278	1463.53946	1463.54584	1369.68438	1369.67331	
4.987375	1463.66065	1463.66802	1369.80557	1369.79548	
4.997612	1463.78349	1463.79019	1369.92841	1369.92638	
5.00776	1463.90522	1463.91236	1370.05014	1370.04856	
5.017925	1464.02721	1464.03454	1370.17213	1370.17073	
5.028047	1464.14866	1464.15671	1370.29358	1370.2929	
5.038148	1464.26989	1464.27888	1370.41481	1370.4238	
5.048289	1464.39158	1464.40106	1370.5365	1370.54598	
5.058523	1464.51445	1464.52323	1370.65937	1370.66815	
5.068638	1464.63578	1464.6454	1370.7807	1370.79905	
5.078825	1464.758	1464.76757	1370.90292	1370.92122	
5.088852	1464.8783	1464.88975	1371.02322	1371.04339	
5.099036	1465.00057	1465.01192	1371.14549	1371.16557	
5.109159	1465.122	1465.13409	1371.26692	1371.28774	
5.11931	1465.24383	1465.25627	1371.38875	1371.40991	
5.129478	1465.36586	1465.37844	1371.51078	1371.53209	
5.139737	1465.48897	1465.50061	1371.63389	1371.65426	
5.149879	1465.6107	1465.63151	1371.75562	1371.77643	
5.168226	1465.83091	1465.74496	1371.97583	1371.9946	
5.172617	1465.88352	1465.90204	1372.02844	1372.04696	
5.182837	1466.00614	1466.02421	1372.15106	1372.16913	
5.192848	1466.12629	1466.13766	1372.27121	1372.28258	
5.203084	1466.24913	1466.2511	1372.39405	1372.40475	
5.213175	1466.37021	1466.35582	1372.51513	1372.52692	
5.223335	1466.49214	1466.46927	1372.63706	1372.64037	
5.233435	1466.61332	1466.58272	1372.75824	1372.76254	
5.243532	1466.73453	1466.70489	1372.87945	1372.87599	
5.254045	1466.86075	1466.81834	1373.00567	1372.99816	
5.264207	1466.98264	1466.93178	1373.12756	1373.11161	
5.273951	1467.09954	1467.04523	1373.24446	1373.22506	
5.284092	1467.2212	1467.1674	1373.36612	1373.34723	
5.294647	1467.34794	1467.28085	1373.49286	1373.4694	
5.304322	1467.46398	1467.40302	1373.6089	1373.58285	
5.314441	1467.58539	1467.52519	1373.73031	1373.70502	
5.324565	1467.70689	1467.64737	1373.85181	1373.82719	
5.334722	1467.82879	1467.76954	1373.97371	1373.94064	
5.344951	1467.95157	1467.89171	1374.09649	1374.06281	
5.355357	1468.0765	1468.01389	1374.22142	1374.18499	
5.365543	1468.19865	1468.14479	1374.34357	1374.30716	
5.375545	1468.31868	1468.27569	1374.4636	1374.42933	
5.385685	1468.44036	1468.39786	1374.58528	1374.55151	
5.395739	1468.56099	1468.52876	1374.70591	1374.67368	
5.406244	1468.68709	1468.65966	1374.83201	1374.80458	
5.415973	1468.80379	1468.78183	1374.94871	1374.92675	
5.426142	1468.92584	1468.91273	1375.07076	1375.05765	
5.436302	1469.04775	1469.04363	1375.19267	1375.17982	
5.446356	1469.16837	1469.1658	1375.31329	1375.31072	
5.465825	1469.40212	1469.2967	1375.54704	1375.54634	
5.470226	1469.45482	1469.47124	1375.59974	1375.60743	
5.480341	1469.57622	1469.60214	1375.72114	1375.73833	
5.490472	1469.69778	1469.72431	1375.8427	1375.8605	
5.50196	1469.83568	1469.84648	1375.9806	1376.00013	
5.510805	1469.94181	1469.96866	1376.08673	1376.10485	
5.520886	1470.06273	1470.0821	1376.20765	1376.23575	
5.531057	1470.18482	1470.20428	1376.32974	1376.35792	
5.541188	1470.30636	1470.31772	1376.45128	1376.47137	
5.551274	1470.4274	1470.43989	1376.57232	1376.59354	
5.561508	1470.55028	1470.56207	1376.6952	1376.71571	
5.571669	1470.67218	1470.68424	1376.8171	1376.83789	
5.581829	1470.79408	1470.80641	1376.939	1376.96006	
5.591871	1470.91454	1470.91986	1377.05946	1377.08223	
5.60204	1471.03665	1471.04203	1377.18157	1377.19568	
5.612231	1471.15892	1471.15548	1377.30384	1377.31785	
5.622345	1471.2803	1471.27765	1377.42522	1377.44003	
5.632479	1471.40188	1471.39983	1377.5468	1377.55347	
5.642594	1471.52324	1471.522	1377.66816	1377.67565	
5.652705	1471.64458	1471.64417	1377.7895	1377.79782	
5.663131	1471.76974	1471.76635	1377.91466	1377.91999	
5.673268	1471.89134	1471.88852	1378.03626	1378.03344	
5.683377	1472.01266	1472.00196	1378.15758	1378.14688	
5.693587	1472.13517	1472.12414	1378.28009	1378.27778	
5.703606	1472.25544	1472.24631	1378.40036	1378.39996	
5.713785	1472.37756	1472.36848	1378.52248	1378.5134	
5.72389	1472.49879	1472.49066	1378.64371	1378.63558	
5.73407	1472.62102	1472.61283	1378.76594	1378.75775	
5.744211	1472.74266	1472.735	1378.88758	1378.8712	
5.754653	1472.868	1472.85718	1379.01292	1378.98464	
5.764478	1472.9859	1472.97935	1379.13082	1379.09809	
5.77462	1473.10756	1473.10152	1379.25248	1379.21153	
5.784735	1473.22893	1473.22369	1379.37385	1379.32498	
5.794823	1473.35037	1473.34587	1379.49529	1379.43843	
5.804966	1473.47175	1473.45931	1379.61667	1379.55187	
5.815091	1473.59324	1473.58149	1379.73816	1379.66532	
5.825226	1473.71485	1473.70366	1379.85977	1379.77877	
5.83535	1473.83634	1473.82583	1379.98126	1379.90094	
5.845582	1473.95913	1473.94801	1380.10405	1380.02311	
5.864795	1474.18976	1474.07018	1380.33468	1380.25001	
5.869235	1474.24298	1474.22726	1380.3879	1380.31109	
5.879335	1474.36416	1474.34943	1380.50908	1380.43327	
5.889469	1474.48575	1474.47161	1380.63067	1380.55544	
5.899577	1474.60705	1474.58505	1380.75197	1380.67761	
5.909762	1474.72929	1474.70722	1380.87421	1380.79978	
5.919895	1474.85086	1474.82067	1380.99578	1380.93068	
5.930012	1474.97226	1474.94284	1381.11718	1381.06158	
5.94023	1475.09491	1475.06502	1381.23983	1381.18376	
5.950278	1475.21545	1475.18719	1381.36037	1381.31466	
5.961179	1475.34531	1475.30936	1381.49023	1381.44556	
5.970608	1475.45694	1475.43154	1381.60186	1381.56773	
5.980778	1475.57689	1475.55371	1381.72181	1381.70736	
5.990918	1475.69577	1475.67588	1381.84069	1381.82953	
6.000963	1475.81299	1475.79806	1381.95791	1381.96043	
6.011096	1475.93064	1475.92896	1382.07556	1382.09133	
6.021261	1476.04798	1476.05985	1382.1929	1382.2135	
6.031353	1476.1639	1476.18203	1382.30882	1382.3444	
6.04155	1476.28046	1476.31293	1382.42538	1382.4753	
6.051641	1476.39512	1476.4351	1382.54004	1382.59747	
6.062406	1476.51689	1476.566	1382.66181	1382.72837	
6.072296	1476.62807	1476.68817	1382.77299	1382.85927	
6.082087	1476.73754	1476.81035	1382.88246	1382.98145	
6.09222	1476.85031	1476.94125	1382.99523	1383.10362	
6.102311	1476.96196	1477.05469	1383.10688	1383.22579	
6.112429	1477.07332	1477.17687	1383.21824	1383.33924	
6.122694	1477.18572	1477.29904	1383.33064	1383.45268	
6.132772	1477.29535	1477.42121	1383.44027	1383.56613	
6.143076	1477.4069	1477.52593	1383.55182	1383.67958	
6.153465	1477.51956	1477.63938	1383.66448	1383.79302	
6.163759	1477.62894	1477.75282	1383.77386	1383.89774	
6.18163	1477.81783	1477.85754	1383.96275	1384.08973	
6.18602	1477.86425	1477.99717	1384.00917	1384.13336	
6.196175	1477.97096	1478.10189	1384.11588	1384.23808	
6.20623	1478.07602	1478.20661	1384.22094	1384.3428	
6.216398	1478.18169	1478.3026	1384.32661	1384.4388	
6.226515	1478.28614	1478.38987	1384.43106	1384.54352	
6.236647	1478.39017	1478.48586	1384.53509	1384.63951	
6.246863	1478.4945	1478.58186	1384.63942	1384.7355	
6.256861	1478.59593	1478.66912	1384.74085	1384.83149	
6.275982	1478.78741	1478.84366	1384.93233	1385.00603	
6.280394	1478.83151	1478.88729	1384.97642	1385.04966	
6.290528	1478.93232	1478.98328	1385.07724	1385.14565	
6.300671	1479.03262	1479.07927	1385.17754	1385.23292	
6.310798	1479.13214	1479.16654	1385.27706	1385.32891	
6.320949	1479.23132	1479.25381	1385.37624	1385.41618	
6.331088	1479.32974	1479.3498	1385.47466	1385.51217	
6.341194	1479.42725	1479.44579	1385.57217	1385.59944	
6.351375	1479.52488	1479.54179	1385.6698	1385.69543	
6.361463	1479.62096	1479.63778	1385.76588	1385.79143	
6.371689	1479.71781	1479.73377	1385.86273	1385.87869	
6.381908	1479.81392	1479.82977	1385.95884	1385.97469	
6.391962	1479.90787	1479.92576	1386.05279	1386.07068	
6.402102	1480.00205	1480.02175	1386.14697	1386.15795	
6.412222	1480.0954	1480.11775	1386.24032	1386.26266	
6.422331	1480.18808	1480.21374	1386.333	1386.34993	
6.432482	1480.28051	1480.31846	1386.42543	1386.44592	
6.442605	1480.37209	1480.40572	1386.51701	1386.54192	
6.452774	1480.46348	1480.50172	1386.6084	1386.63791	
6.462916	1480.554	1480.59771	1386.69891	1386.7339	
6.473085	1480.64419	1480.6937	1386.78911	1386.82117	
6.483216	1480.73337	1480.7897	1386.87829	1386.90844	
6.493334	1480.82186	1480.87696	1386.96678	1387.00443	
6.512664	1480.98819	1481.0515	1387.13311	1387.17896	
6.525375	1481.09691	1481.16494	1387.24183	1387.29241	
6.530158	1481.13772	1481.20858	1387.28264	1387.33604	
6.54032	1481.22375	1481.29584	1387.36866	1387.42331	
6.550438	1481.30885	1481.38311	1387.45377	1387.51058	
6.560505	1481.39285	1481.46165	1387.53777	1387.59784	
6.571593	1481.48474	1481.54892	1387.62966	1387.69383	
6.580865	1481.56101	1481.62746	1387.70593	1387.76365	
6.591019	1481.64392	1481.71472	1387.78884	1387.85091	
6.601259	1481.72698	1481.79326	1387.8719	1387.93818	
6.611255	1481.80737	1481.8718	1387.95229	1388.00799	
6.621433	1481.88868	1481.95907	1388.0336	1388.09526	
6.641131	1482.04319	1482.10742	1388.18811	1388.24361	
6.65355	1482.13995	1482.14233	1388.28487	1388.33961	
6.657883	1482.17366	1482.23832	1388.31858	1388.37451	
6.668097	1482.25243	1482.31686	1388.39735	1388.45305	
6.678298	1482.33054	1482.3954	1388.47546	1388.53159	
6.688383	1482.40703	1482.46521	1388.55195	1388.60141	
6.698501	1482.48325	1482.53503	1388.62817	1388.67995	
6.708605	1482.55876	1482.60484	1388.70368	1388.74976	
6.718783	1482.63422	1482.68338	1388.77914	1388.8283	
6.728903	1482.70862	1482.75319	1388.85354	1388.89811	
6.739037	1482.78271	1482.83173	1388.92763	1388.97665	
6.749185	1482.85591	1482.90155	1389.00083	1389.04647	
6.759311	1482.92855	1482.97136	1389.07347	1389.125	
6.769453	1483.00068	1483.04117	1389.1456	1389.19482	
6.779694	1483.07295	1483.11099	1389.21787	1389.26463	
6.789823	1483.14373	1483.1808	1389.28865	1389.32572	
6.799907	1483.21366	1483.25061	1389.35858	1389.39553	
6.809996	1483.28299	1483.32042	1389.42791	1389.46534	
6.820222	1483.35267	1483.39024	1389.49759	1389.53516	
6.830308	1483.42079	1483.46005	1389.56571	1389.60497	
6.840396	1483.48831	1483.52986	1389.63323	1389.67478	
6.850577	1483.55586	1483.59968	1389.70078	1389.7446	
6.860698	1483.62242	1483.66949	1389.76734	1389.80568	
6.870865	1483.68866	1483.73058	1389.83358	1389.86677	
6.881047	1483.75443	1483.79166	1389.89935	1389.93658	
6.891156	1483.81902	1483.86148	1389.96394	1389.99767	
6.901271	1483.88309	1483.92256	1390.02801	1390.06748	
6.911363	1483.94644	1483.98365	1390.09136	1390.12857	
6.921562	1484.00986	1484.04474	1390.15478	1390.18966	
6.931681	1484.07216	1484.10582	1390.21708	1390.24202	
6.941833	1484.13403	1484.16691	1390.27895	1390.3031	
6.951951	1484.19511	1484.228	1390.34003	1390.36419	
6.962076	1484.25566	1484.28036	1390.40058	1390.42528	
6.972266	1484.31595	1484.34144	1390.46086	1390.48636	
6.982431	1484.37554	1484.40253	1390.52046	1390.53872	
6.992491	1484.43382	1484.45489	1390.57874	1390.59981	
7.002614	1484.49191	1484.51598	1390.63683	1390.65217	
7.012726	1484.54936	1484.56834	1390.69428	1390.70453	
7.022883	1484.60643	1484.62942	1390.75135	1390.76561	
7.032987	1484.66262	1484.68178	1390.80754	1390.81797	
7.043169	1484.71864	1484.73414	1390.86356	1390.87906	
7.053299	1484.77375	1484.7865	1390.91867	1390.93142	
7.063437	1484.82833	1484.84759	1390.97325	1390.98378	
7.073545	1484.88213	1484.89995	1391.02705	1391.04487	
7.083697	1484.93558	1484.95231	1391.0805	1391.09723	
7.093816	1484.98821	1485.01339	1391.13313	1391.14959	
7.103906	1485.0401	1485.06575	1391.18502	1391.20195	
7.114028	1485.09158	1485.11811	1391.2365	1391.25431	
7.124673	1485.14505	1485.17047	1391.28997	1391.30667	
7.134355	1485.19313	1485.21411	1391.33805	1391.35903	
7.144454	1485.24268	1485.26647	1391.3876	1391.40266	
7.154575	1485.29173	1485.31883	1391.43665	1391.45502	
7.164721	1485.34033	1485.36246	1391.48525	1391.49865	
7.174938	1485.38863	1485.41482	1391.53355	1391.55101	
7.185056	1485.43589	1485.45845	1391.58081	1391.59465	
7.195165	1485.48247	1485.50209	1391.62739	1391.63828	
7.205263	1485.5284	1485.55445	1391.67332	1391.69064	
7.21536	1485.57376	1485.59808	1391.71868	1391.73427	
7.233804	1485.65419	1485.64171	1391.79911	1391.81281	
7.238179	1485.67332	1485.69407	1391.81824	1391.83027	
7.248312	1485.71688	1485.74643	1391.8618	1391.86517	
7.258443	1485.75982	1485.78134	1391.90474	1391.90881	
7.268582	1485.80224	1485.82497	1391.94716	1391.95244	
7.279041	1485.84534	1485.86861	1391.99026	1391.98734	
7.288922	1485.88547	1485.90351	1392.03039	1392.03098	
7.299066	1485.92607	1485.93842	1392.07099	1392.06588	
7.309163	1485.96589	1485.97333	1392.11081	1392.10952	
7.31927	1486.00517	1486.00823	1392.15009	1392.14442	
7.329442	1486.04409	1486.04314	1392.18901	1392.17933	
7.339552	1486.08218	1486.08677	1392.2271	1392.22296	
7.349747	1486.11999	1486.12168	1392.26491	1392.25787	
7.359825	1486.15677	1486.16531	1392.30169	1392.29278	
7.370055	1486.19351	1486.20022	1392.33843	1392.33641	
7.381405	1486.23349	1486.23512	1392.37841	1392.37132	
7.390695	1486.26575	1486.27003	1392.41067	1392.40622	
7.400508	1486.29925	1486.30494	1392.44417	1392.44113	
7.410623	1486.33318	1486.33984	1392.4781	1392.47604	
7.420718	1486.36647	1486.38348	1392.51139	1392.51967	
7.430933	1486.39954	1486.41838	1392.54446	1392.55458	
7.441017	1486.4316	1486.45329	1392.57652	1392.58948	
7.451181	1486.46332	1486.49692	1392.60824	1392.62439	
7.461287	1486.49426	1486.53183	1392.63918	1392.6593	
7.471399	1486.52465	1486.56674	1392.66957	1392.68548	
7.482699	1486.55784	1486.60164	1392.70276	1392.72038	
7.49217	1486.58517	1486.63655	1392.73009	1392.75529	
7.502518	1486.61485	1486.66273	1392.75977	1392.7902	
7.512089	1486.6409	1486.69764	1392.78582	1392.81638	
7.522164	1486.66823	1486.72382	1392.81315	1392.84256	
7.532389	1486.69535	1486.75872	1392.84027	1392.87746	
7.542484	1486.72155	1486.7849	1392.86647	1392.90364	
7.5526	1486.74721	1486.81108	1392.89213	1392.93855	
7.562743	1486.77237	1486.83726	1392.91729	1392.96473	
7.573248	1486.79815	1486.86344	1392.94307	1392.99091	
7.58405	1486.82323	1486.8809	1392.96815	1393.01709	
7.593215	1486.84437	1486.90708	1392.98929	1393.03454	
7.60342	1486.8673	1486.93326	1393.01222	1393.06072	
7.613568	1486.88951	1486.95071	1393.03443	1393.07818	
7.623611	1486.91094	1486.96816	1393.05586	1393.10436	
7.633809	1486.93209	1486.98562	1393.077	1393.12181	
7.643905	1486.95245	1487.00307	1393.09737	1393.13926	
7.654052	1486.97234	1487.02052	1393.11726	1393.14799	
7.664212	1486.99166	1487.02925	1393.13658	1393.16544	
7.6748	1487.01117	1487.0467	1393.15609	1393.17417	
7.68545	1487.03015	1487.05543	1393.17507	1393.19162	
7.694749	1487.04626	1487.07288	1393.19118	1393.20035	
7.704657	1487.06286	1487.07288	1393.20778	1393.2178	
7.714792	1487.07926	1487.09034	1393.22418	1393.22653	
7.724905	1487.09507	1487.09906	1393.23999	1393.24398	
7.735101	1487.11042	1487.10779	1393.25534	1393.24398	
7.74518	1487.12503	1487.11652	1393.26995	1393.26144	
7.755298	1487.13913	1487.12524	1393.28405	1393.27016	
7.765436	1487.15269	1487.13397	1393.29761	1393.27889	
7.783531	1487.17471	1487.1427	1393.31963	1393.29634	
7.788242	1487.1805	1487.16015	1393.32542	1393.30507	
7.798073	1487.1919	1487.16015	1393.33682	1393.3138	
7.80849	1487.2034	1487.1776	1393.34832	1393.32252	
7.818342	1487.21375	1487.1776	1393.35867	1393.33125	
7.828449	1487.22383	1487.19506	1393.36874	1393.3487	
7.838572	1487.23337	1487.19506	1393.37829	1393.35743	
7.848736	1487.24241	1487.20378	1393.38733	1393.36616	
7.85886	1487.25088	1487.21251	1393.3958	1393.37488	
7.869033	1487.25885	1487.22124	1393.40377	1393.38361	
7.879383	1487.2664	1487.22996	1393.41132	1393.39233	
7.898379	1487.278	1487.24742	1393.42292	1393.40979	
7.902791	1487.28076	1487.24742	1393.42568	1393.40979	
7.912915	1487.28646	1487.25614	1393.43138	1393.41851	
7.923111	1487.29171	1487.26487	1393.43663	1393.42724	
7.933416	1487.29653	1487.28232	1393.44145	1393.43597	
7.94334	1487.30067	1487.28232	1393.44559	1393.43597	
7.953439	1487.30446	1487.29105	1393.44938	1393.44469	
7.963559	1487.3078	1487.29978	1393.45272	1393.45342	
7.973758	1487.31073	1487.3085	1393.45565	1393.46215	
7.983861	1487.31322	1487.31723	1393.45814	1393.46215	
7.993985	1487.31531	1487.31723	1393.46023	1393.47087	
8.004114	1487.31704	1487.31723	1393.46196	1393.47087	
8.014263	1487.32227	1487.32596	1393.46719	1393.4796	
8.024396	1487.32227	1487.32596	1393.46719	1393.4796	
8.034963	1487.32227	1487.32596	1393.46719	1393.48833	
8.044665	1487.32227	1487.32596	1393.46719	1393.48833	
8.054785	1487.32227	1487.32596	1393.46719	1393.48833	
8.064905	1487.32227	1487.32596	1393.46719	1393.48833	
8.075013	1487.32227	1487.31723	1393.46719	1393.48833	
8.085399	1487.32227	1487.31723	1393.46719	1393.4796	
