6.826028	754.472092	754.470929	660.582105	660.580942	
6.836085	754.473688	754.470929	660.583701	660.580942	
6.846231	754.475919	754.470929	660.585931	660.580942	
6.856301	754.478738	754.479656	660.588751	660.589669	
6.866483	754.482216	754.479656	660.592229	660.589669	
6.876594	754.486278	754.479656	660.596291	660.589669	
6.886735	754.490973	754.479656	660.600986	660.589669	
6.896943	754.496324	754.479656	660.606337	660.589669	
6.907006	754.502203	754.479656	660.612216	660.589669	
6.917174	754.508769	754.479656	660.618782	660.589669	
6.927442	754.516034	754.479656	660.626047	660.589669	
6.937509	754.523758	754.479656	660.63377	660.589669	
6.94761	754.53212	754.479656	660.642133	660.589669	
6.957733	754.541118	754.479656	660.651131	660.589669	
6.967843	754.550715	754.479656	660.660728	660.589669	
6.978018	754.560997	754.479656	660.67101	660.589669	
6.988133	754.571834	754.488382	660.681847	660.589669	
6.998299	754.583343	754.488382	660.693356	660.589669	
7.008392	754.59538	754.488382	660.705393	660.598395	
7.018755	754.608468	754.488382	660.718481	660.607122	
7.028734	754.621514	754.497109	660.731527	660.615849	
7.039067	754.635752	754.505836	660.745764	660.624575	
7.049009	754.650018	754.505836	660.760031	660.642028	
7.059111	754.665139	754.523289	660.775152	660.659482	
7.069201	754.680861	754.532016	660.790874	660.676935	
7.079456	754.697463	754.540742	660.807475	660.703115	
7.089483	754.714303	754.558196	660.824316	660.720568	
7.099657	754.732007	754.575649	660.84202	660.746748	
7.109733	754.750147	754.601829	660.86016	660.772928	
7.120247	754.769771	754.628009	660.879784	660.799108	
7.130071	754.788652	754.645462	660.898665	660.834015	
7.140258	754.808857	754.680369	660.91887	660.860195	
7.150378	754.829549	754.706549	660.939562	660.886375	
7.160478	754.8508	754.741455	660.960813	660.912554	
7.17062	754.872778	754.776362	660.982791	660.938734	
7.180731	754.895286	754.802542	661.005299	660.973641	
7.190938	754.918654	754.837448	661.028667	660.999821	
7.201101	754.942521	754.872355	661.052534	661.026001	
7.21115	754.96673	754.907261	661.076742	661.060907	
7.221604	754.992587	754.942168	661.1026	661.087087	
7.231544	755.017747	754.977075	661.12776	661.113267	
7.24162	755.043858	755.020708	661.153871	661.148174	
7.251712	755.070625	755.055614	661.180638	661.174354	
7.261818	755.098042	755.090521	661.208055	661.200534	
7.271994	755.126284	755.116701	661.236297	661.226714	
7.282071	755.15484	755.151607	661.264853	661.252894	
7.292222	755.184235	755.186514	661.294248	661.279074	
7.302404	755.214353	755.221421	661.324365	661.305254	
7.312492	755.244781	755.247601	661.354794	661.331434	
7.322958	755.277038	755.282507	661.387051	661.36634	
7.333037	755.308713	755.308687	661.418726	661.39252	
7.343092	755.340871	755.343594	661.450884	661.4187	
7.3532	755.373835	755.369774	661.483848	661.453607	
7.363297	755.407372	755.395954	661.517384	661.479787	
7.373478	755.441828	755.422133	661.551841	661.514693	
7.38366	755.476904	755.448313	661.586917	661.5496	
7.393737	755.512214	755.48322	661.622226	661.57578	
7.403873	755.548351	755.5094	661.658364	661.610686	
7.414006	755.585098	755.544307	661.695111	661.645593	
7.42415	755.622514	755.570486	661.732527	661.680499	
7.434365	755.660828	755.605393	661.77084	661.715406	
7.444468	755.699284	755.6403	661.809297	661.750313	
7.454596	755.738487	755.675206	661.8485	661.793946	
7.464783	755.778535	755.710113	661.888548	661.828852	
7.474831	755.818626	755.745019	661.928639	661.872486	
7.485014	755.859906	755.779926	661.969919	661.916119	
7.495146	755.901574	755.814833	662.011587	661.959752	
7.505263	755.943802	755.858466	662.053815	662.003385	
7.515403	755.986739	755.902099	662.096752	662.055745	
7.525515	756.030179	755.945732	662.140191	662.099378	
7.535769	756.074904	755.998092	662.184917	662.143012	
7.54586	756.119436	756.041725	662.229448	662.195371	
7.55597	756.164714	756.094085	662.274727	662.239005	
7.56614	756.21088	756.137718	662.320893	662.282638	
7.57622	756.257243	756.190078	662.367256	662.334998	
7.586478	756.305072	756.242438	662.415085	662.378631	
7.596507	756.352406	756.294798	662.462419	662.430991	
7.606654	756.400938	756.347158	662.510951	662.474624	
7.616829	756.450221	756.408245	662.560234	662.526984	
7.626879	756.499495	756.460604	662.609508	662.579344	
7.637106	756.551784	756.512964	662.661796	662.622977	
7.647318	756.601628	756.565324	662.711641	662.675337	
7.657371	756.652741	756.626411	662.762754	662.727697	
7.667504	756.704906	756.678771	662.814919	662.780057	
7.677591	756.757437	756.739857	662.86745	662.832417	
7.687812	756.811313	756.792217	662.921326	662.884777	
7.697915	756.865144	756.844577	662.975157	662.937136	
7.708019	756.919604	756.905663	663.029617	662.989496	
7.7182	756.975125	756.958023	663.085138	663.041856	
7.728307	757.030848	757.01911	663.14086	663.102943	
7.738557	757.087994	757.07147	663.198007	663.155303	
7.748684	757.145043	757.132556	663.255056	663.216389	
7.760823	757.214427	757.184916	663.32444	663.286202	
7.768948	757.261112	757.246003	663.371125	663.329836	
7.779045	757.319842	757.307089	663.429855	663.390922	
7.789166	757.379321	757.368176	663.489334	663.452009	
7.799383	757.439994	757.420535	663.550007	663.504368	
7.809444	757.500355	757.490349	663.610368	663.574182	
7.819622	757.56203	757.542709	663.672043	663.635268	
7.830104	757.626229	757.612522	663.736242	663.696355	
7.839902	757.686801	757.673608	663.796814	663.766168	
7.850035	757.750046	757.734695	663.860058	663.827254	
7.860128	757.813643	757.804508	663.923656	663.888341	
7.870252	757.878078	757.856868	663.988091	663.949427	
7.88039	757.943225	757.926681	664.053238	664.019241	
7.890519	758.008904	757.996494	664.118917	664.080327	
7.900641	758.075178	758.057581	664.185191	664.15014	
7.910773	758.142114	758.127394	664.252127	664.219953	
7.921342	758.212649	758.197207	664.322661	664.289767	
7.931763	758.282815	758.258294	664.392828	664.35958	
7.941659	758.350026	758.328107	664.460039	664.429393	
7.951846	758.419851	758.39792	664.529864	664.499206	
7.961926	758.489508	758.467733	664.599521	664.577746	
7.972004	758.559801	758.537546	664.669814	664.647559	
7.982213	758.63166	758.607359	664.741673	664.717372	
7.992297	758.703188	758.677173	664.813201	664.795912	
8.002477	758.776057	758.746986	664.88607	664.865725	
8.012557	758.848782	758.825526	664.958795	664.944265	
8.022663	758.922343	758.895339	665.032356	665.022805	
8.033022	758.998399	758.973879	665.108411	665.101345	
8.043195	759.073711	759.043692	665.183724	665.171158	
8.053365	759.149607	759.122232	665.25962	665.249698	
8.063547	759.226192	759.200771	665.336205	665.328238	
8.073573	759.302232	759.279311	665.412245	665.406777	
8.083704	759.379687	759.357851	665.4897	665.47659	
8.093899	759.458258	759.436391	665.568271	665.55513	
8.104014	759.5368	759.514931	665.646813	665.63367	
8.114163	759.616256	759.59347	665.726269	665.71221	
8.12425	759.695804	759.67201	665.805817	665.79075	
8.134436	759.776775	759.75055	665.886788	665.86929	
8.144645	759.860831	759.82909	665.970844	665.947829	
8.154772	759.94029	759.916356	666.050303	666.026369	
8.164933	760.022937	759.986169	666.13295	666.104909	
8.174998	760.105358	760.073436	666.215371	666.192175	
8.185183	760.189447	760.151976	666.29946	666.270715	
8.195322	760.273755	760.230516	666.383768	666.349255	
8.205428	760.358383	760.317782	666.468396	666.436522	
8.215617	760.44434	760.405049	666.554353	666.515061	
8.225677	760.529796	760.483588	666.639808	666.602328	
8.235832	760.616714	760.570855	666.726727	666.680868	
8.246352	760.707492	760.658121	666.817505	666.768134	
8.256178	760.792698	760.745388	666.902711	666.855401	
8.266272	760.880902	760.832654	666.990915	666.942667	
8.276368	760.96976	760.919921	667.079773	667.029934	
8.286495	761.059517	761.007187	667.16953	667.125927	
8.296651	761.150106	761.10318	667.260119	667.213193	
8.306773	761.241023	761.190447	667.351036	667.30046	
8.316932	761.33292	761.277713	667.442933	667.396453	
8.327027	761.424811	761.373706	667.534824	667.492446	
8.337176	761.517841	761.460973	667.627854	667.588439	
8.347569	761.613838	761.556966	667.723851	667.675705	
8.357496	761.705982	761.652959	667.815995	667.771698	
8.367671	761.801075	761.748952	667.911088	667.867692	
8.377744	761.895839	761.836218	668.005852	667.972411	
8.387854	761.991585	761.940938	668.101598	668.059678	
8.398052	762.088772	762.036931	668.198785	668.164398	
8.408145	762.185576	762.132924	668.295588	668.269117	
8.418236	762.282971	762.237644	668.392984	668.36511	
8.428414	762.38183	762.342364	668.491843	668.46983	
8.438793	762.484281	762.438357	668.594294	668.565823	
8.448741	762.581166	762.53435	668.691179	668.670543	
8.458895	762.681639	762.63907	668.791652	668.775263	
8.468999	762.782218	762.74379	668.89223	668.879983	
8.479177	762.884167	762.848509	668.99418	668.984702	
8.489199	762.985202	762.953229	669.095215	669.089422	
8.49938	763.088385	763.057949	669.198397	669.194142	
8.50948	763.191396	763.171395	669.301409	669.290135	
8.519656	763.295807	763.276115	669.40582	669.394855	
8.529751	763.399995	763.380835	669.510008	669.499574	
8.540195	763.508493	763.485555	669.618506	669.604294	
8.550106	763.611998	763.599001	669.722011	669.709014	
8.5602	763.718	763.703721	669.828013	669.805007	
8.570304	763.824729	763.808441	669.934742	669.909727	
8.580403	763.932039	763.91316	670.042052	670.014447	
8.590669	764.041772	764.01788	670.151785	670.119166	
8.600799	764.150609	764.1226	670.260622	670.223886	
8.610971	764.260541	764.236046	670.370553	670.328606	
8.621113	764.370819	764.340766	670.480832	670.433326	
8.631178	764.480778	764.454212	670.590791	670.538045	
8.641619	764.595568	764.558932	670.705581	670.651492	
8.651808	764.708281	764.672379	670.818293	670.764938	
8.661625	764.817304	764.785825	670.927317	670.869658	
8.671762	764.930531	764.899271	671.040544	670.983104	
8.681802	765.043287	765.012718	671.1533	671.096551	
8.69197	765.158174	765.117437	671.268187	671.209997	
8.702134	765.273578	765.239611	671.383591	671.33217	
8.712234	765.388854	765.353057	671.498867	671.445617	
8.722401	765.50554	765.466503	671.615552	671.56779	
8.732496	765.622008	765.57995	671.732021	671.681236	
8.742972	765.743555	765.702123	671.853568	671.803409	
8.753	765.860506	765.815569	671.970519	671.925582	
8.772603	766.092008	766.051189	672.202021	672.161202	
8.777032	766.144132	766.103549	672.254145	672.213561	
8.787118	766.263802	766.225722	672.373815	672.335734	
8.797252	766.38466	766.347895	672.494673	672.457908	
8.807408	766.506387	766.478794	672.6164	672.580081	
8.817541	766.628007	766.600967	672.73802	672.71098	
8.827629	766.749051	766.72314	672.859064	672.833153	
8.847524	766.987863	766.967486	673.097876	673.077499	
8.851946	767.040915	767.019846	673.150928	673.138586	
8.862123	767.162979	767.150746	673.272992	673.260759	
8.872214	767.284071	767.272919	673.394084	673.391659	
8.882278	767.404815	767.403819	673.514828	673.513832	
8.900725	767.626215	767.630712	673.736228	673.740725	
8.905173	767.679591	767.683071	673.789604	673.793084	
8.91529	767.800947	767.805245	673.91096	673.915257	
8.925435	767.922735	767.936144	674.032748	674.03743	
8.935613	768.044835	768.049591	674.154848	674.16833	
8.945704	768.165927	768.18049	674.27594	674.290503	
8.956175	768.291711	768.293937	674.401724	674.40395	
8.966017	768.409671	768.41611	674.519684	674.534849	
8.976195	768.531855	768.538283	674.641868	674.657022	
8.986251	768.652515	768.660456	674.762528	674.770469	
8.996445	768.774855	768.782629	674.884868	674.892642	
9.006571	768.896343	768.904802	675.006356	675.014815	
9.016717	769.018095	769.026975	675.128108	675.136988	
9.026834	769.139475	769.140421	675.249488	675.259161	
9.036925	769.260579	769.262594	675.370592	675.381334	
9.047102	769.382715	769.376041	675.492728	675.503507	
9.057296	769.505127	769.498214	675.61514	675.616953	
9.067389	769.626147	769.620387	675.73616	675.739126	
9.077535	769.747887	769.74256	675.8579	675.8613	
9.087686	769.869711	769.864733	675.979724	675.983473	
9.097797	769.991055	769.986906	676.101068	676.096919	
9.107926	770.112579	770.109079	676.222592	676.219092	
9.118063	770.234271	770.231252	676.344284	676.341265	
9.128212	770.356047	770.353425	676.46606	676.454711	
9.138288	770.476935	770.475598	676.586948	676.576885	
9.148482	770.599287	770.597771	676.7093	676.699058	
9.158672	770.721567	770.728671	676.83158	676.821231	
9.168805	770.843151	770.842117	676.953164	676.943404	
9.178951	770.964927	770.973017	677.07494	677.065577	
9.189067	771.086283	771.09519	677.196296	677.18775	
9.199171	771.207603	771.217363	677.317616	677.309923	
9.209327	771.329415	771.339536	677.439428	677.432096	
9.219448	771.450855	771.461709	677.560868	677.554269	
9.229643	771.573195	771.583882	677.683208	677.676442	
9.239744	771.694419	771.706055	677.804432	677.789888	
9.250134	771.819123	771.819502	677.929136	677.920788	
9.260282	771.940935	771.950402	678.050948	678.042961	
9.270146	772.059243	772.063848	678.169256	678.156408	
9.280236	772.180323	772.186021	678.290336	678.287307	
9.290313	772.301259	772.308194	678.411272	678.40948	
9.300601	772.424775	772.430367	678.534788	678.531653	
9.310618	772.544907	772.55254	678.65492	678.6451	
9.320724	772.666191	772.665987	678.776204	678.775999	
9.330855	772.787751	772.78816	678.897764	678.898172	
9.348868	773.004843	772.910333	679.114856	679.107612	
9.354295	773.069103	773.058686	679.179116	679.168698	
9.363561	773.180271	773.180859	679.290284	679.290872	
9.373675	773.301615	773.303032	679.411628	679.421771	
9.383873	773.423955	773.425205	679.533968	679.543944	
9.393916	773.544471	773.556104	679.654484	679.666117	
9.404099	773.666727	773.678277	679.77674	679.78829	
9.414244	773.788383	773.800451	679.898396	679.910463	
9.424372	773.909943	773.93135	680.019956	680.032636	
9.434478	774.031239	774.053523	680.141252	680.15481	
9.444575	774.152355	774.175696	680.262368	680.276983	
9.455663	774.285519	774.297869	680.395532	680.407882	
9.46495	774.396879	774.420042	680.506892	680.530055	
9.475059	774.518211	774.542215	680.628224	680.652228	
9.485206	774.639963	774.664388	680.749976	680.774401	
9.495296	774.761043	774.786562	680.871056	680.896574	
9.505469	774.883119	774.908735	680.993132	681.018747	
9.515589	775.004547	775.030908	681.11456	681.140921	
9.525714	775.126059	775.153081	681.236072	681.263094	
9.535859	775.247799	775.275254	681.357812	681.385267	
9.545943	775.368783	775.397427	681.478796	681.498713	
9.556982	775.501851	775.5196	681.611864	681.620886	
9.56663	775.617123	775.633046	681.727136	681.743059	
9.57641	775.734423	775.755219	681.844436	681.856506	
9.586545	775.856067	775.868666	681.96608	681.969952	
9.596637	775.977135	775.990839	682.087148	682.092125	
9.606814	776.099271	776.104285	682.209284	682.205571	
9.61694	776.220759	776.226458	682.330772	682.319018	
9.627065	776.342283	776.339905	682.452296	682.441191	
9.637213	776.464047	776.462078	682.57406	682.554637	
9.647299	776.585067	776.575524	682.69508	682.668084	
9.658307	776.717271	776.68897	682.827284	682.790257	
9.667621	776.829003	776.811143	682.939016	682.91243	
9.677733	776.950275	776.933317	683.060288	683.034603	
9.688024	777.073815	777.05549	683.183828	683.148049	
9.69809	777.194571	777.177663	683.304584	683.270222	
9.708246	777.316467	777.299836	683.42648	683.392395	
9.718579	777.440451	777.422009	683.550464	683.514568	
9.728659	777.561399	777.544182	683.671412	683.636741	
9.738778	777.682815	777.666355	683.792828	683.767641	
9.74897	777.805167	777.788528	683.91518	683.889814	
9.759724	777.934263	777.910701	684.044276	684.011987	
9.76945	778.050963	778.041601	684.160976	684.151613	
9.779338	778.169547	778.1725	684.27956	684.273787	
9.789466	778.291143	778.294673	684.401156	684.39596	
9.80008	778.418487	778.416846	684.5285	684.535586	
9.809748	778.534467	778.547746	684.64448	684.657759	
9.819843	778.655619	778.678646	684.765632	684.788659	
9.829999	778.777491	778.800819	684.887504	684.910832	
9.840101	778.898715	778.931719	685.008728	685.041731	
9.850356	779.021799	779.053892	685.131812	685.172631	
9.861529	779.155983	779.184791	685.265996	685.294804	
9.87072	779.266203	779.306964	685.376216	685.416977	
9.880679	779.385651	779.429137	685.495664	685.547877	
9.890803	779.507175	779.55131	685.617188	685.67005	
9.900956	779.628975	779.673483	685.738988	685.792223	
9.911523	779.755839	779.795656	685.865852	685.914396	
9.921246	779.872467	779.91783	685.98248	686.036569	
9.933204	780.016035	780.031276	686.126048	686.167469	
9.941405	780.114411	780.144722	686.224424	686.263462	
9.951635	780.237123	780.266895	686.347136	686.385635	
9.962817	780.371379	780.380342	686.481392	686.499081	
9.971867	780.479955	780.493788	686.589968	686.612528	
9.981964	780.601059	780.615961	686.711072	686.734701	
9.992092	780.722607	780.729408	686.83262	686.848147	
10.00242	780.846579	780.851581	686.956592	686.97032	
10.01296	780.973023	780.973754	687.083036	687.092493	
10.02298	781.093299	781.0872	687.203312	687.20594	
10.03317	781.215543	781.209373	687.325556	687.328113	
10.04328	781.336911	781.331546	687.446924	687.441559	
10.05339	781.458183	781.444993	687.568196	687.572459	
10.06411	781.586883	781.567166	687.696896	687.685905	
10.0738	781.703151	781.689339	687.813164	687.799352	
10.08385	781.823655	781.802785	687.933668	687.921525	
10.09397	781.945155	781.924958	688.055168	688.043698	
10.1041	782.066703	782.047131	688.176716	688.165871	
10.11428	782.188875	782.169304	688.298888	688.279317	
10.1244	782.310267	782.291477	688.42028	688.40149	
10.13457	782.432331	782.422377	688.542344	688.523663	
10.14468	782.553675	782.535823	688.663688	688.63711	
10.15477	782.674659	782.666723	688.784672	688.759283	
10.16538	782.802183	782.788896	688.912196	688.881456	
10.17513	782.919123	782.911069	689.029136	689.003629	
10.18528	783.040827	783.024516	689.15084	689.125802	
10.19553	783.163887	783.146689	689.2739	689.247975	
10.2055	783.283515	783.268862	689.393528	689.361421	
10.21573	783.406275	783.391035	689.516288	689.483594	
10.22578	783.526863	783.513208	689.636876	689.605767	
10.23591	783.648351	783.635381	689.758364	689.72794	
10.24604	783.769971	783.757554	689.879984	689.841387	
10.25616	783.891375	783.879727	690.001388	689.96356	
10.26665	784.017375	784.0019	690.127388	690.085733	
10.27663	784.137087	784.1328	690.2471	690.216633	
10.28671	784.258011	784.246246	690.368024	690.338806	
10.29687	784.379955	784.368419	690.489968	690.460979	
10.30698	784.501251	784.490592	690.611264	690.591878	
10.31717	784.623495	784.621492	690.733508	690.714051	
10.32729	784.744959	784.743665	690.854972	690.836225	
10.33741	784.866363	784.865838	690.976376	690.967124	
10.34754	784.987947	784.996738	691.09796	691.098024	
10.35763	785.108991	785.118911	691.219004	691.220197	
10.37713	785.343195	785.241084	691.453208	691.464543	
10.38155	785.396067	785.40689	691.50608	691.516903	
10.39176	785.518611	785.53779	691.628624	691.647803	
10.40177	785.638695	785.659963	691.748708	691.778702	
10.41193	785.760675	785.782136	691.870688	691.900875	
10.42206	785.882247	785.913036	691.99226	692.023048	
10.4322	786.003891	786.035209	692.113904	692.153948	
10.44232	786.125403	786.166108	692.235416	692.276121	
10.46033	786.341451	786.375548	692.451464	692.494287	
10.46468	786.393687	786.427908	692.5037	692.546647	
10.4749	786.516435	786.550081	692.626448	692.66882	
10.48501	786.637551	786.672254	692.747564	692.790993	
10.49514	786.759171	786.794427	692.869184	692.913166	
10.50528	786.880887	786.907873	692.9909	693.026613	
10.51538	787.002051	787.030046	693.112064	693.148786	
10.52555	787.124043	787.143493	693.234056	693.262232	
10.53568	787.245711	787.265666	693.355724	693.384405	
10.5458	787.367127	787.379112	693.47714	693.506578	
10.55588	787.488039	787.492558	693.598052	693.611298	
10.56605	787.610139	787.614732	693.720152	693.733471	
10.57625	787.732491	787.728178	693.842504	693.846917	
10.58639	787.854159	787.841624	693.964172	693.969091	
10.59651	787.975635	787.963797	694.085648	694.082537	
10.60665	788.097279	788.077244	694.207292	694.195983	
10.61678	788.218887	788.19069	694.3289	694.30943	
10.62694	788.340771	788.312863	694.450784	694.431603	
10.63706	788.462211	788.435036	694.572224	694.545049	
10.6472	788.583951	788.548483	694.693964	694.658496	
10.65735	788.705763	788.670656	694.815776	694.780669	
10.66745	788.826819	788.792829	694.936832	694.894115	
10.67769	788.949819	788.915002	695.059832	695.016288	
10.68789	789.072135	789.037175	695.182148	695.138461	
10.69797	789.193191	789.159348	695.303204	695.260634	
10.70808	789.314451	789.281521	695.424464	695.382807	
10.7182	789.435843	789.412421	695.545856	695.50498	
10.72837	789.557943	789.534594	695.667956	695.627153	
10.73848	789.679275	789.656767	695.789288	695.749326	
10.74861	789.800907	789.77894	695.91092	695.871499	
10.75874	789.922395	789.901113	696.032408	695.993672	
10.77877	790.162875	790.154186	696.272888	696.238019	
10.78317	790.215531	790.206545	696.325544	696.290378	
10.79329	790.336923	790.337445	696.446936	696.421278	
10.80338	790.458027	790.459618	696.56804	696.543451	
10.83072	790.786263	790.799957	696.896276	696.88379	
10.83507	790.838259	790.852317	696.948272	696.93615	
10.84524	790.960707	790.97449	697.07072	697.058323	
10.85537	791.081955	791.096663	697.191968	697.189223	
10.86546	791.203023	791.227563	697.313036	697.311396	
10.87668	791.337675	791.358463	697.447688	697.451022	
10.88682	791.459391	791.480636	697.569404	697.573195	
10.89696	791.580987	791.602809	697.691	697.695368	
10.90708	791.702403	791.716255	697.812416	697.817542	
10.91722	791.824203	791.838428	697.934216	697.948441	
10.92737	791.945991	791.960601	698.056004	698.070614	
10.94552	792.163911	792.135134	698.273924	698.253874	
10.95282	792.251343	792.257307	698.361356	698.376047	
10.96289	792.372207	792.37948	698.48222	698.506947	
10.97386	792.50282	792.501653	698.612833	698.62912	
10.98351	792.617159	792.623827	698.727172	698.751293	
10.99336	792.733237	792.746	698.84325	698.873466	
11.00352	792.852394	792.868173	698.962406	698.995639	
11.01364	792.970427	792.990346	699.080439	699.109085	
11.02389	793.089474	793.112519	699.199487	699.239985	
11.0339	793.205032	793.225965	699.315045	699.353431	
11.04406	793.321659	793.348138	699.431672	699.475604	
11.05419	793.437457	793.461585	699.547469	699.597777	
11.06431	793.552452	793.583758	699.662465	699.711224	
11.07507	793.674203	793.705931	699.784216	699.833397	
11.08473	793.782709	793.819377	699.892722	699.946843	
11.09476	793.894891	793.932823	700.004904	700.069016	
11.1049	794.007732	794.054996	700.117745	700.182463	
11.115	794.119424	794.168443	700.229437	700.295909	
11.12522	794.232005	794.281889	700.342018	700.400629	
11.13532	794.342422	794.395336	700.452435	700.522802	
11.14544	794.452602	794.508782	700.562615	700.627522	
11.15558	794.562322	794.622228	700.672335	700.732241	
11.16568	794.671037	794.726948	700.78105	700.836961	
11.17629	794.784694	794.840395	700.894707	700.950408	
11.18605	794.888492	794.945114	700.998505	701.055127	
11.19614	794.995262	795.049834	701.105275	701.159847	
11.20626	795.101792	795.154554	701.211805	701.264567	
11.21636	795.207454	795.259274	701.317467	701.378013	
11.22656	795.313541	795.363993	701.423554	701.482733	
11.23667	795.418097	795.468713	701.52811	701.578726	
11.24682	795.522464	795.564706	701.632477	701.683446	
11.25695	795.625956	795.669426	701.735969	701.788166	
11.26705	795.728576	795.765419	701.838589	701.892885	
11.27754	795.834624	795.870139	701.944637	701.988878	
11.2874	795.933621	795.974859	702.043633	702.084872	
11.29752	796.034562	796.070852	702.144575	702.180865	
11.30938	796.152111	796.175572	702.262124	702.303038	
11.31773	796.234362	796.271565	702.344374	702.390304	
11.32792	796.334308	796.376284	702.444321	702.486297	
11.33799	796.432295	796.472278	702.542308	702.58229	
11.34816	796.530726	796.576997	702.640739	702.68701	
11.35827	796.628049	796.67299	702.738062	702.79173	
11.36837	796.724546	796.77771	702.834558	702.878996	
11.37883	796.823993	796.88243	702.934006	702.983716	
11.3887	796.917117	796.978423	703.02713	703.088436	
11.39885	797.01232	797.074416	703.122333	703.184429	
11.40894	797.106349	797.170409	703.216362	703.280422	
11.41907	797.20014	797.266402	703.310153	703.367689	
11.42924	797.293733	797.362395	703.403745	703.472408	
11.43932	797.385788	797.458389	703.495801	703.568401	
11.44947	797.47796	797.545655	703.587973	703.664395	
11.45962	797.569441	797.641648	703.679454	703.751661	
11.47007	797.663051	797.728915	703.773063	703.838927	
11.48004	797.75183	797.824908	703.861843	703.934921	
11.49003	797.840089	797.912174	703.950102	704.022187	
11.50009	797.928374	797.999441	704.038387	704.100727	
11.51021	798.016594	798.086707	704.126607	704.187993	
11.52034	798.104258	798.165247	704.214271	704.27526	
11.53046	798.191374	798.243787	704.301387	704.362526	
11.54061	798.278009	798.331053	704.388022	704.441066	
11.55075	798.363899	798.41832	704.473912	704.528333	
11.56087	798.449147	798.496859	704.55916	704.606872	
11.57887	798.598956	798.575399	704.708969	704.755225	
11.58426	798.643029	798.671392	704.753042	704.798859	
11.59363	798.720132	798.758659	704.830145	704.868672	
11.60373	798.8025	798.837199	704.912513	704.955938	
11.61384	798.884442	798.915738	704.994455	705.025751	
11.624	798.966169	798.994278	705.076182	705.113018	
11.63416	799.047315	799.072818	705.157328	705.191558	
11.64426	799.127373	799.151358	705.237386	705.270097	
11.65443	799.207308	799.229898	705.317321	705.339911	
11.66454	799.286215	799.308438	705.396228	705.41845	
11.67464	799.364425	799.386977	705.474438	705.49699	
11.68552	799.448034	799.465517	705.558046	705.57553	
11.69497	799.520053	799.544057	705.630066	705.645343	
11.70515	799.597065	799.622597	705.707078	705.723883	
11.71524	799.672737	799.69241	705.78275	705.793696	
11.72532	799.748043	799.77095	705.858056	705.880963	
11.73551	799.823051	799.84949	705.933064	705.950776	
11.74562	799.897093	799.919303	706.007106	706.038042	
11.75574	799.970589	799.997843	706.080602	706.107855	
11.76622	800.047199	800.076382	706.157212	706.186395	
11.77606	800.116398	800.146196	706.226411	706.256208	
11.78679	800.192372	800.224735	706.302385	706.334748	
11.79629	800.259078	800.294549	706.369091	706.404561	
11.8065	800.330218	800.373088	706.440231	706.474375	
11.81658	800.399768	800.442902	706.509781	706.544188	
11.82666	800.468786	800.512715	706.578798	706.614001	
11.83697	800.538803	800.582528	706.648816	706.683814	
11.84699	800.606122	800.652341	706.716135	706.753627	
11.85712	800.673632	800.722154	706.783645	706.82344	
11.86725	800.740576	800.791967	706.850589	706.893254	
11.87733	800.806578	800.861781	706.916591	706.95434	
11.88814	800.876671	800.922867	706.986684	707.015427	
11.89774	800.938337	800.983954	707.048349	707.076513	
11.90786	801.002757	801.053767	707.11277	707.1376	
11.91798	801.06658	801.114853	707.176593	707.207413	
11.9281	801.129787	801.17594	707.239799	707.268499	
11.93828	801.192816	801.237026	707.302829	707.329586	
11.9484	801.254818	801.298113	707.364831	707.390672	
11.95857	801.316479	801.359199	707.426492	707.451759	
11.96866	801.377129	801.420286	707.487142	707.512846	
11.97887	801.438292	801.481372	707.548305	707.573932	
11.98941	801.499875	801.533732	707.609888	707.635019	
11.99909	801.55632	801.594819	707.666333	707.687378	
12.00922	801.61476	801.655905	707.724773	707.739738	
12.0193	801.672303	801.708265	707.782316	707.800825	
12.02942	801.729505	801.769352	707.839517	707.853185	
12.03953	801.785988	801.821712	707.896	707.905545	
12.04971	801.8423	801.874072	707.952313	707.957904	
12.05982	801.897578	801.935158	708.007591	708.010264	
12.06992	801.952282	801.987518	708.062295	708.071351	
12.0803	802.007806	802.039878	708.117819	708.123711	
12.09065	802.062598	802.092238	708.172611	708.184797	
12.10034	802.113284	802.144598	708.223297	708.237157	
12.11048	802.165728	802.196957	708.275741	708.289517	
12.12058	802.217399	802.249317	708.327412	708.341877	
12.13073	802.268688	802.301677	708.378701	708.394237	
12.14101	802.320016	802.354037	708.430029	708.446597	
12.15111	802.369857	802.39767	708.47987	708.498957	
12.1613	802.419569	802.45003	708.529582	708.551316	
12.1713	802.467745	802.50239	708.577758	708.603676	
12.18177	802.517495	802.55475	708.627508	708.656036	
12.19204	802.565747	802.598383	708.67576	708.699669	
12.20176	802.610815	802.642016	708.720828	708.752029	
12.21186	802.657051	802.694376	708.767064	708.795663	
12.22198	802.702797	802.746736	708.81281	708.848022	
12.23212	802.748017	802.790369	708.85803	708.900382	
12.24225	802.792637	802.842729	708.90265	708.944016	
12.25245	802.836906	802.886363	708.946919	708.987649	
12.26258	802.880278	802.938722	708.990291	709.040009	
12.27269	802.922989	802.982356	709.033002	709.083642	
12.28279	802.965029	803.025989	709.075041	709.127275	
12.29333	803.008267	803.069622	709.11828	709.162182	
12.30318	803.048109	803.113255	709.158122	709.214542	
12.31344	803.089016	803.156889	709.199029	709.249448	
12.32359	803.128893	803.200522	709.238906	709.293081	
12.33367	803.167833	803.244155	709.277846	709.336715	
12.3439	803.206796	803.287788	709.316809	709.371621	
12.35397	803.244538	803.322695	709.354551	709.415254	
12.3641	803.281925	803.366328	709.391938	709.458888	
12.37423	803.318721	803.401235	709.428734	709.493794	
12.38436	803.3549	803.436141	709.464913	709.528701	
12.39565	803.394489	803.479774	709.504502	709.563607	
12.40581	803.429488	803.514681	709.5395	709.598514	
12.41595	803.463872	803.549588	709.573885	709.633421	
12.42606	803.497523	803.584494	709.607536	709.668327	
12.43614	803.530525	803.619401	709.640538	709.703234	
12.44632	803.563225	803.654307	709.673238	709.73814	
12.45649	803.595286	803.680487	709.705299	709.76432	
12.46658	803.626544	803.715394	709.736557	709.7905	
12.47672	803.657322	803.741574	709.767335	709.825407	
12.48683	803.687441	803.77648	709.797454	709.851587	
12.49706	803.717317	803.80266	709.82733	709.877767	
12.5072	803.74631	803.82884	709.856323	709.903947	
12.51733	803.774703	803.85502	709.884716	709.9214	
12.52745	803.802505	803.8812	709.912518	709.94758	
12.53754	803.829594	803.898653	709.939607	709.965033	
12.54773	803.856379	803.924833	709.966392	709.991213	
12.55787	803.882436	803.951013	709.992449	710.008666	
12.56805	803.908	803.968467	710.018013	710.034846	
12.57814	803.932748	803.98592	710.04276	710.0523	
12.58823	803.956922	804.003373	710.066935	710.069753	
12.59851	803.980943	804.029553	710.090956	710.087206	
12.60862	804.003994	804.047006	710.114007	710.113386	
12.61866	804.02631	804.06446	710.136323	710.130839	
12.62885	804.048352	804.073186	710.158365	710.148293	
12.63895	804.069638	804.09064	710.179651	710.165746	
12.64911	804.09045	804.108093	710.200463	710.191926	
12.65931	804.110752	804.125546	710.220764	710.209379	
12.66941	804.130286	804.143	710.240298	710.226833	
12.67953	804.149279	804.151726	710.259292	710.244286	
12.69007	804.168427	804.16918	710.27844	710.261739	
12.70004	804.185998	804.177906	710.296011	710.279192	
12.71809	804.215556	804.204086	710.325569	710.305372	
12.72254	804.222894	804.212813	710.332907	710.314099	
12.73257	804.238741	804.230266	710.348754	710.331552	
12.74303	804.254637	804.238993	710.36465	710.349006	
12.75306	804.269347	804.247719	710.379359	710.366459	
12.76322	804.28366	804.265173	710.393673	710.383912	
12.78258	804.308395	804.291353	710.418408	710.410092	
12.78694	804.314034	804.300079	710.424047	710.418819	
12.79774	804.327201	804.308806	710.437214	710.427545	
12.80751	804.338618	804.317532	710.44863	710.436272	
12.8268	804.358661	804.352439	710.468674	710.462452	
12.83118	804.363285	804.352439	710.473298	710.471179	
12.84165	804.373593	804.369892	710.483606	710.471179	
12.85145	804.382753	804.378619	710.492766	710.488632	
12.86159	804.391692	804.387346	710.501705	710.488632	
12.8717	804.400068	804.396072	710.51008	710.497359	
12.8818	804.407917	804.404799	710.51793	710.506085	
12.89194	804.415272	804.413526	710.525285	710.506085	
12.90215	804.422148	804.422252	710.532161	710.514812	
12.91233	804.428488	804.430979	710.5385	710.523538	
12.92286	804.43449	804.439706	710.544503	710.523538	
12.93294	804.439757	804.439706	710.54977	710.523538	
12.94312	804.444581	804.439706	710.554594	710.532265	
12.95327	804.448908	804.439706	710.558921	710.532265	
12.96358	804.45282	804.439706	710.562832	710.532265	
12.97354	804.456164	804.439706	710.566177	710.523538	
12.98363	804.459114	804.439706	710.569127	710.523538	
12.99379	804.461661	804.439706	710.571674	710.523538	
13.00399	804.463812	804.439706	710.573825	710.523538	
13.01416	804.465581	804.439706	710.575594	710.523538	
13.02431	804.470929	804.439706	710.580942	710.523538	
13.03436	804.470929	804.439706	710.580942	710.523538	
13.04454	804.470929	804.439706	710.580942	710.523538	
13.05472	804.470929	804.439706	710.580942	710.523538	
13.06483	804.470929	804.439706	710.580942	710.523538	
13.07495	804.470929	804.439706	710.580942	710.523538	
13.08505	804.470929	804.439706	710.580942	710.523538	
13.09523	804.470929	804.439706	710.580942	710.523538	
13.1055	804.470929	804.439706	710.580942	710.523538	
13.11556	804.470929	804.439706	710.580942	710.523538	
13.12569	804.470929	804.439706	710.580942	710.523538	
13.13586	804.470929	804.439706	710.580942	710.523538	
13.1459	804.470929	804.439706	710.580942	710.523538	
13.15608	804.470929	804.439706	710.580942	710.523538	
13.16621	804.470929	804.439706	710.580942	710.523538	
13.17638	804.470929	804.439706	710.580942	710.523538	
13.18649	804.470929	804.439706	710.580942	710.523538	
13.1966	804.470929	804.439706	710.580942	710.523538	
13.20687	804.470929	804.439706	710.580942	710.523538	
13.21699	804.470929	804.439706	710.580942	710.523538	
13.2271	804.470929	804.439706	710.580942	710.523538	
13.23722	804.470929	804.439706	710.580942	710.523538	
13.24734	804.470929	804.439706	710.580942	710.523538	
13.25755	804.470929	804.439706	710.580942	710.523538	
13.26765	804.470929	804.439706	710.580942	710.523538	
13.27779	804.470929	804.439706	710.580942	710.523538	
13.29571	804.470929	804.439706	710.580942	710.523538	
13.30032	804.470929	804.439706	710.580942	710.523538	
13.31065	804.470929	804.439706	710.580942	710.523538	
13.32039	804.470929	804.439706	710.580942	710.523538	
13.33052	804.470929	804.439706	710.580942	710.523538	
13.34061	804.470929	804.439706	710.580942	710.523538	
13.35078	804.470929	804.439706	710.580942	710.523538	
13.36093	804.470929	804.439706	710.580942	710.523538	
13.37105	804.470929	804.439706	710.580942	710.523538	
13.38117	804.470929	804.439706	710.580942	710.523538	
13.39126	804.470929	804.439706	710.580942	710.523538	
13.40174	804.470929	804.439706	710.580942	710.523538	
13.41179	804.470929	804.439706	710.580942	710.523538	
13.42169	804.470929	804.439706	710.580942	710.532265	
13.4318	804.470929	804.439706	710.580942	710.532265	
13.4419	804.470929	804.439706	710.580942	710.532265	
13.45205	804.470929	804.439706	710.580942	710.532265	
13.46217	804.470929	804.439706	710.580942	710.532265	
13.47234	804.470929	804.439706	710.580942	710.532265	
13.49029	804.470929	804.439706	710.580942	710.532265	
13.49467	804.470929	804.439706	710.580942	710.532265	
13.50494	804.470929	804.439706	710.580942	710.532265	
13.51509	804.470929	804.439706	710.580942	710.532265	
13.52507	804.470929	804.439706	710.580942	710.532265	
13.53519	804.470929	804.439706	710.580942	710.532265	
13.54534	804.470929	804.439706	710.580942	710.532265	
13.55548	804.470929	804.439706	710.580942	710.532265	
13.56561	804.470929	804.439706	710.580942	710.532265	
13.57576	804.470929	804.439706	710.580942	710.532265	
13.58591	804.470929	804.439706	710.580942	710.532265	
13.59598	804.470929	804.439706	710.580942	710.532265	
13.60731	804.470929	804.439706	710.580942	710.532265	
13.61636	804.470929	804.439706	710.580942	710.532265	
13.62644	804.470929	804.439706	710.580942	710.532265	
13.63656	804.470929	804.439706	710.580942	710.532265	
13.6467	804.470929	804.439706	710.580942	710.532265	
13.65684	804.470929	804.439706	710.580942	710.532265	
13.66696	804.470929	804.439706	710.580942	710.532265	
13.67708	804.470929	804.439706	710.580942	710.532265	
13.68726	804.470929	804.439706	710.580942	710.532265	
13.69739	804.470929	804.439706	710.580942	710.532265	
13.70867	804.470929	804.439706	710.580942	710.532265	
13.72582	804.470929	804.439706	710.580942	710.532265	
13.73021	804.470929	804.439706	710.580942	710.532265	
13.7403	804.470929	804.439706	710.580942	710.532265	
13.75045	804.470929	804.439706	710.580942	710.532265	
13.76058	804.470929	804.439706	710.580942	710.532265	
13.77104	804.470929	804.439706	710.580942	710.532265	
13.78083	804.470929	804.439706	710.580942	710.532265	
13.79895	804.470929	804.439706	710.580942	710.532265	
13.80331	804.470929	804.439706	710.580942	710.532265	
13.81352	804.470929	804.439706	710.580942	710.532265	
13.82368	804.470929	804.439706	710.580942	710.532265	
13.8338	804.470929	804.439706	710.580942	710.532265	
13.84388	804.470929	804.439706	710.580942	710.532265	
13.85403	804.470929	804.439706	710.580942	710.532265	
13.86426	804.470929	804.439706	710.580942	710.532265	
13.87436	804.470929	804.439706	710.580942	710.532265	
13.88452	804.470929	804.439706	710.580942	710.532265	
13.89464	804.470929	804.439706	710.580942	710.532265	
13.90479	804.470929	804.439706	710.580942	710.532265	
13.91495	804.470929	804.439706	710.580942	710.532265	
13.92512	804.470929	804.439706	710.580942	710.532265	
13.93523	804.470929	804.439706	710.580942	710.532265	
13.94542	804.470929	804.439706	710.580942	710.532265	
13.95546	804.470929	804.439706	710.580942	710.532265	
13.96564	804.470929	804.439706	710.580942	710.532265	
13.97579	804.470929	804.439706	710.580942	710.532265	
13.98591	804.470929	804.439706	710.580942	710.532265	
13.99607	804.470929	804.439706	710.580942	710.532265	
14.00615	804.470929	804.439706	710.580942	710.532265	
14.01643	804.470929	804.439706	710.580942	710.540992	
14.02654	804.470929	804.439706	710.580942	710.540992	
14.03661	804.470929	804.439706	710.580942	710.549718	
14.04682	804.470929	804.439706	710.580942	710.549718	
14.05687	804.470929	804.439706	710.580942	710.558445	
14.06706	804.470929	804.439706	710.580942	710.567172	
14.07718	804.470929	804.439706	710.580942	710.575898	
14.08733	804.470929	804.439706	710.580942	710.575898	
14.09755	804.470929	804.439706	710.580942	710.575898	
14.10756	804.470929	804.439706	710.580942	710.575898	
14.11779	804.470929	804.439706	710.580942	710.575898	
14.12804	804.470929	804.439706	710.580942	710.575898	
14.13805	804.470929	804.439706	710.580942	710.575898	
14.14818	804.470929	804.439706	710.580942	710.567172	
14.15834	804.470929	804.439706	710.580942	710.567172	
14.16852	804.470929	804.439706	710.580942	710.558445	
14.17863	804.470929	804.439706	710.580942	710.558445	
14.18875	804.470929	804.439706	710.580942	710.558445	
14.19913	804.470929	804.439706	710.580942	710.567172	
14.20901	804.470929	804.439706	710.580942	710.567172	
14.21923	804.470929	804.439706	710.580942	710.575898	
14.22937	804.470929	804.439706	710.580942	710.575898	
14.23948	804.470929	804.439706	710.580942	710.567172	
14.24966	804.470929	804.439706	710.580942	710.567172	
14.2601	804.470929	804.439706	710.580942	710.567172	
14.26987	804.470929	804.439706	710.580942	710.567172	
14.28004	804.470929	804.439706	710.580942	710.567172	
14.29011	804.470929	804.439706	710.580942	710.567172	
14.30024	804.470929	804.439706	710.580942	710.567172	
14.31036	804.470929	804.439706	710.580942	710.567172	
14.32058	804.470929	804.439706	710.580942	710.567172	
14.33071	804.470929	804.439706	710.580942	710.567172	
14.34082	804.470929	804.439706	710.580942	710.567172	
14.35099	804.470929	804.439706	710.580942	710.567172	
14.36152	804.470929	804.439706	710.580942	710.567172	
14.3712	804.470929	804.439706	710.580942	710.567172	
14.38133	804.470929	804.439706	710.580942	710.567172	
14.39146	804.470929	804.439706	710.580942	710.567172	
14.40163	804.470929	804.439706	710.580942	710.567172	
14.41178	804.470929	804.439706	710.580942	710.567172	
14.42192	804.470929	804.439706	710.580942	710.567172	
14.43215	804.470929	804.439706	710.580942	710.567172	
14.44216	804.470929	804.439706	710.580942	710.567172	
14.45225	804.470929	804.439706	710.580942	710.567172	
14.47077	804.470929	804.439706	710.580942	710.567172	
14.47514	804.470929	804.439706	710.580942	710.567172	
14.48528	804.470929	804.439706	710.580942	710.567172	
14.49546	804.470929	804.439706	710.580942	710.567172	
14.50564	804.470929	804.439706	710.580942	710.567172	
14.51686	804.470929	804.439706	710.580942	710.567172	
14.52595	804.470929	804.439706	710.580942	710.567172	
14.53614	804.470929	804.439706	710.580942	710.567172	
14.54621	804.470929	804.439706	710.580942	710.567172	
14.5563	804.470929	804.439706	710.580942	710.567172	
14.56647	804.470929	804.439706	710.580942	710.567172	
14.57662	804.470929	804.439706	710.580942	710.567172	
14.58674	804.470929	804.439706	710.580942	710.567172	
14.59695	804.470929	804.439706	710.580942	710.567172	
14.60707	804.470929	804.439706	710.580942	710.567172	
14.61807	804.470929	804.439706	710.580942	710.567172	
14.62741	804.470929	804.439706	710.580942	710.567172	
14.63749	804.470929	804.439706	710.580942	710.567172	
14.64764	804.470929	804.439706	710.580942	710.567172	
14.65777	804.470929	804.439706	710.580942	710.567172	
14.66794	804.470929	804.439706	710.580942	710.567172	
14.67806	804.470929	804.439706	710.580942	710.567172	
14.68825	804.470929	804.439706	710.580942	710.567172	
14.69833	804.470929	804.439706	710.580942	710.567172	
14.70864	804.470929	804.439706	710.580942	710.567172	
14.71948	804.470929	804.439706	710.580942	710.567172	
14.72912	804.470929	804.439706	710.580942	710.567172	
14.73891	804.470929	804.439706	710.580942	710.567172	
14.74903	804.470929	804.439706	710.580942	710.567172	
14.75916	804.470929	804.439706	710.580942	710.567172	
14.76925	804.470929	804.439706	710.580942	710.567172	
14.77966	804.470929	804.439706	710.580942	710.567172	
14.78971	804.470929	804.439706	710.580942	710.567172	
14.79987	804.470929	804.439706	710.580942	710.567172	
14.81143	804.470929	804.439706	710.580942	710.567172	
14.8207	804.470929	804.439706	710.580942	710.567172	
14.83053	804.470929	804.439706	710.580942	710.567172	
14.84061	804.470929	804.439706	710.580942	710.567172	
14.85074	804.470929	804.448432	710.580942	710.567172	
14.86084	804.470929	804.448432	710.580942	710.567172	
14.87928	804.470929	804.448432	710.580942	710.567172	
14.88366	804.470929	804.448432	710.580942	710.567172	
14.89379	804.470929	804.448432	710.580942	710.567172	
14.90394	804.470929	804.448432	710.580942	710.567172	
14.91406	804.470929	804.448432	710.580942	710.567172	
14.92483	804.470929	804.448432	710.580942	710.567172	
14.9344	804.470929	804.448432	710.580942	710.567172	
14.94454	804.470929	804.448432	710.580942	710.567172	
14.95465	804.470929	804.448432	710.580942	710.567172	
14.96476	804.470929	804.448432	710.580942	710.567172	
14.97496	804.470929	804.448432	710.580942	710.567172	
14.98507	804.470929	804.448432	710.580942	710.567172	
14.99519	804.470929	804.448432	710.580942	710.567172	
15.00532	804.470929	804.448432	710.580942	710.567172	
15.01545	804.470929	804.448432	710.580942	710.567172	
15.02612	804.470929	804.448432	710.580942	710.567172	
15.03578	804.470929	804.448432	710.580942	710.567172	
15.04593	804.470929	804.448432	710.580942	710.567172	
15.05613	804.470929	804.448432	710.580942	710.567172	
15.06615	804.470929	804.448432	710.580942	710.567172	
15.07632	804.470929	804.448432	710.580942	710.567172	
15.08645	804.470929	804.448432	710.580942	710.567172	
15.09661	804.470929	804.448432	710.580942	710.567172	
15.10671	804.470929	804.448432	710.580942	710.567172	
15.11686	804.470929	804.448432	710.580942	710.567172	
15.12741	804.470929	804.448432	710.580942	710.567172	
15.13726	804.470929	804.448432	710.580942	710.567172	
15.14731	804.470929	804.448432	710.580942	710.567172	
15.15742	804.470929	804.448432	710.580942	710.567172	
15.16755	804.470929	804.448432	710.580942	710.567172	
15.17777	804.470929	804.448432	710.580942	710.567172	
15.18786	804.470929	804.448432	710.580942	710.567172	
15.19798	804.470929	804.448432	710.580942	710.567172	
15.20821	804.470929	804.448432	710.580942	710.567172	
15.21823	804.470929	804.448432	710.580942	710.567172	
15.2287	804.470929	804.448432	710.580942	710.567172	
15.23857	804.470929	804.448432	710.580942	710.567172	
15.24869	804.470929	804.448432	710.580942	710.567172	
15.25879	804.470929	804.448432	710.580942	710.567172	
15.26897	804.470929	804.448432	710.580942	710.567172	
15.2791	804.470929	804.448432	710.580942	710.567172	
15.28914	804.470929	804.448432	710.580942	710.567172	
15.29931	804.470929	804.448432	710.580942	710.567172	
15.30942	804.470929	804.448432	710.580942	710.567172	
15.31953	804.470929	804.448432	710.580942	710.567172	
15.32996	804.470929	804.448432	710.580942	710.567172	
15.33988	804.470929	804.448432	710.580942	710.567172	
15.34999	804.470929	804.457159	710.580942	710.567172	
15.36017	804.470929	804.457159	710.580942	710.567172	
15.37036	804.470929	804.457159	710.580942	710.567172	
15.38037	804.470929	804.457159	710.580942	710.567172	
15.39049	804.470929	804.457159	710.580942	710.567172	
15.40064	804.470929	804.457159	710.580942	710.567172	
15.41073	804.470929	804.457159	710.580942	710.567172	
15.421	804.470929	804.457159	710.580942	710.567172	
15.45006	804.470929	804.457159	710.580942	710.567172	
15.45523	804.470929	804.457159	710.580942	710.567172	
