24.09212	835.90048	835.899265	741.897047	741.895832	
24.11029	835.904717	835.899265	741.901284	741.895832	
24.11465	835.905666	835.899265	741.902232	741.895832	
24.12476	835.908658	835.899265	741.905224	741.895832	
24.13489	835.912273	835.899265	741.90884	741.895832	
24.14507	835.916529	835.899265	741.913096	741.895832	
24.15518	835.921364	835.899265	741.917931	741.895832	
24.16534	835.926842	835.907992	741.923409	741.904558	
24.17544	835.932899	835.907992	741.929466	741.904558	
24.18562	835.939637	835.907992	741.936203	741.904558	
24.19587	835.947047	835.907992	741.943614	741.904558	
24.20598	835.954968	835.907992	741.951535	741.904558	
24.21615	835.963548	835.925445	741.960115	741.904558	
24.2263	835.972742	835.925445	741.969309	741.904558	
24.23642	835.982514	835.934172	741.97908	741.913285	
24.24654	835.992903	835.942899	741.989469	741.922012	
24.25669	836.003935	835.951625	742.000502	741.939465	
24.26682	836.015573	835.969078	742.01214	741.948192	
24.27692	836.027776	835.977805	742.024342	741.956918	
24.28706	836.040656	835.995258	742.037223	741.974372	
24.29728	836.054269	836.003985	742.050836	741.991825	
24.30748	836.068462	836.021438	742.065029	742.009278	
24.31754	836.083072	836.030165	742.079638	742.026731	
24.32768	836.098428	836.047618	742.094994	742.044185	
24.33784	836.114413	836.065072	742.11098	742.061638	
24.34796	836.130969	836.082525	742.127535	742.079091	
24.35808	836.148121	836.091252	742.144688	742.096545	
24.36896	836.167321	836.108705	742.163888	742.113998	
24.37835	836.184365	836.117431	742.180931	742.131451	
24.38845	836.203317	836.134885	742.199883	742.148905	
24.39862	836.223056	836.152338	742.219623	742.166358	
24.40884	836.243497	836.178518	742.240064	742.183811	
24.41894	836.2643	836.195971	742.260866	742.201264	
24.42906	836.285786	836.222151	742.282353	742.227444	
24.43915	836.307806	836.239605	742.304373	742.244898	
24.44934	836.330655	836.257058	742.327221	742.271078	
24.45945	836.353965	836.283238	742.350531	742.288531	
24.4696	836.37795	836.309418	742.374517	742.314711	
24.47975	836.402588	836.335598	742.399155	742.340891	
24.48984	836.427672	836.361778	742.424239	742.358344	
24.50009	836.453808	836.387957	742.450374	742.393251	
24.51024	836.480267	836.414137	742.476833	742.410704	
24.52032	836.507182	836.440317	742.503749	742.445611	
24.53048	836.534926	836.466497	742.531492	742.47179	
24.54069	836.563421	836.501404	742.559987	742.49797	
24.5507	836.591953	836.527584	742.588519	742.532877	
24.56086	836.621551	836.56249	742.618117	742.559057	
24.57097	836.65163	836.58867	742.648197	742.593963	
24.58109	836.682321	836.623577	742.678887	742.620143	
24.59117	836.713511	836.658484	742.710077	742.65505	
24.60179	836.747079	836.69339	742.743645	742.689957	
24.6115	836.778291	836.728297	742.774858	742.716137	
24.62164	836.811502	836.763203	742.808069	742.751043	
24.63176	836.845282	836.79811	742.841848	742.78595	
24.64205	836.880283	836.833016	742.87685	742.829583	
24.65202	836.914752	836.867923	742.911318	742.86449	
24.66214	836.950361	836.90283	742.946928	742.899396	
24.67227	836.986651	836.937736	742.983218	742.943029	
24.68242	837.02362	836.972643	743.020187	742.977936	
24.69252	837.061026	837.007549	743.057592	743.021569	
24.71081	837.131235	837.042456	743.127802	743.091382	
24.71523	837.148073	837.094816	743.14464	743.108836	
24.72535	837.187563	837.138449	743.18413	743.143742	
24.73547	837.227604	837.182082	743.22417	743.187375	
24.74564	837.268545	837.216989	743.265112	743.231009	
24.75583	837.310101	837.251895	743.306667	743.283369	
24.76597	837.352146	837.295529	743.348713	743.318275	
24.77608	837.394642	837.339162	743.391209	743.361908	
24.80325	837.514689	837.452608	743.511255	743.484081	
24.80801	837.535525	837.478788	743.532092	743.510261	
24.81783	837.579267	837.522422	743.575834	743.545168	
24.82795	837.624955	837.566055	743.621521	743.597528	
24.83804	837.671112	837.618415	743.667679	743.649888	
24.84823	837.718339	837.662048	743.714905	743.693521	
24.85843	837.766265	837.714408	743.762831	743.745881	
24.86848	837.814102	837.758041	743.810668	743.789514	
24.87861	837.862909	837.810401	743.859475	743.841874	
24.88871	837.912212	837.862761	743.908778	743.885507	
24.89938	837.965013	837.915121	743.96158	743.92914	
24.90902	838.013153	837.96748	744.009719	743.9815	
24.91916	838.064521	838.028567	744.061087	744.03386	
24.92935	838.116705	838.080927	744.113271	744.08622	
24.93942	838.168921	838.142013	744.165487	744.13858	
24.94961	838.222369	838.194373	744.218936	744.19094	
24.95967	838.27574	838.246733	744.272306	744.2433	
24.96985	838.330366	838.299093	744.326933	744.29566	
24.97998	838.3853	838.351453	744.381867	744.348019	
24.99006	838.440615	838.412539	744.437181	744.400379	
25.00067	838.499575	838.473626	744.496141	744.452739	
25.01047	838.554539	838.525986	744.551106	744.505099	
25.02053	838.6116	838.587072	744.608167	744.557459	
25.03067	838.669665	838.648159	744.666231	744.618545	
25.04075	838.728062	838.700519	744.724629	744.679632	
25.05092	838.787569	838.761605	744.784136	744.731992	
25.06103	838.847384	838.822692	744.843951	744.784352	
25.0712	838.908147	838.883778	744.904713	744.854165	
25.08137	838.969506	838.944865	744.966072	744.906525	
25.09181	839.033187	839.005951	745.029753	744.976338	
25.10198	839.095858	839.067038	745.092425	745.037424	
25.11988	839.208481	839.189211	745.205047	745.150871	
25.12434	839.236411	839.215391	745.232977	745.177051	
25.13443	839.300546	839.276477	745.297113	745.238137	
25.14489	839.367675	839.346291	745.364242	745.30795	
25.15495	839.432793	839.416104	745.42936	745.377764	
25.16515	839.499525	839.47719	745.496092	745.43885	
25.17528	839.56636	839.547003	745.562926	745.508663	
25.18538	839.633608	839.60809	745.630174	745.56975	
25.19557	839.702122	839.677903	745.698688	745.639563	
25.20589	839.772152	839.747716	745.768719	745.718103	
25.21609	839.841921	839.817529	745.838488	745.787916	
25.22624	839.912033	839.887343	745.9086	745.866456	
25.23633	839.982334	839.957156	745.9789	745.936269	
25.24644	840.053295	840.026969	746.049862	746.006082	
25.25662	840.125464	840.096782	746.122031	746.084622	
25.26675	840.197858	840.175322	746.194424	746.163162	
25.27687	840.27083	840.245135	746.267396	746.232975	
25.28697	840.344255	840.323675	746.340822	746.311515	
25.29714	840.418775	840.393488	746.415341	746.390055	
25.30733	840.494139	840.480755	746.490706	746.468594	
25.31748	840.569788	840.550568	746.566354	746.547134	
25.3276	840.645819	840.629108	746.642385	746.625674	
25.33772	840.722472	840.707647	746.719039	746.704214	
25.34789	840.80008	840.786187	746.796646	746.782754	
25.35804	840.878214	840.864727	746.874781	746.861294	
25.36891	840.962599	840.951993	746.959165	746.94856	
25.37833	841.036234	841.030533	747.0328	747.0271	
25.38836	841.115227	841.109073	747.111793	747.10564	
25.39848	841.195513	841.19634	747.19208	747.192906	
25.40871	841.277401	841.283606	747.273968	747.271446	
25.41888	841.359387	841.362146	747.355954	747.349986	
25.42897	841.441313	841.440686	747.437879	747.437252	
25.4391	841.524146	841.527952	747.520713	747.524519	
25.44924	841.607795	841.606492	747.604362	747.611785	
25.45935	841.691709	841.693758	747.688276	747.690325	
25.4695	841.776633	841.772298	747.7732	747.777591	
25.47958	841.861546	841.859565	747.858112	747.856131	
25.48981	841.948389	841.946831	747.944955	747.943398	
25.49993	842.034789	842.034098	748.031355	748.030664	
25.52308	842.236841	842.226084	748.233407	748.22265	
25.52748	842.275064	842.26099	748.271631	748.257557	
25.53763	842.364148	842.348257	748.360714	748.35355	
25.54778	842.453814	842.435523	748.45038	748.440816	
25.55965	842.559554	842.540243	748.556121	748.53681	
25.56973	842.649964	842.62751	748.64653	748.632803	
25.5799	842.741776	842.714776	748.738343	748.720069	
25.58998	842.833328	842.802042	748.829895	748.807336	
25.60011	842.92597	842.889309	748.922537	748.894602	
25.611	843.026449	842.985302	749.023016	748.990595	
25.62052	843.114631	843.081295	749.111198	749.077862	
25.6306	843.208667	843.168562	749.205234	749.173855	
25.6407	843.303531	843.264555	749.300097	749.269848	
25.65084	843.399359	843.360548	749.395926	749.357114	
25.66092	843.495286	843.447814	749.491852	749.453107	
25.67109	843.592664	843.543807	749.58923	749.549101	
25.68127	843.690769	843.639801	749.687335	749.65382	
25.69141	843.788987	843.735794	749.785554	749.749813	
25.70149	843.887319	843.831787	749.883886	749.845807	
25.71227	843.993399	843.936507	749.989965	749.950526	
25.72191	844.088488	844.041226	750.085054	750.055246	
25.73195	844.188223	844.145946	750.18479	750.151239	
25.74203	844.289037	844.250666	750.285604	750.247232	
25.75214	844.390735	844.346659	750.387301	750.351952	
25.76392	844.510186	844.451379	750.506753	750.474125	
25.77242	844.596629	844.556098	750.593196	750.561392	
25.78257	844.700635	844.660818	750.697202	750.666111	
25.79274	844.805468	844.765538	750.802034	750.770831	
25.80284	844.910064	844.878984	750.90663	750.875551	
25.81349	845.021205	844.983704	751.017771	750.980271	
25.82333	845.124466	845.088424	751.121032	751.08499	
25.83333	845.229861	845.193144	751.226428	751.18971	
25.84341	845.336798	845.30659	751.333364	751.29443	
25.85344	845.443752	845.420036	751.440318	751.39915	
25.86362	845.552965	845.524756	751.549531	751.512596	
25.87373	845.662059	845.638203	751.658626	751.626042	
25.88391	845.772489	845.751649	751.769056	751.739489	
25.89401	845.882737	845.856369	751.879304	751.844209	
25.90416	845.994118	845.969815	751.990685	751.957655	
25.91586	846.123471	846.083261	752.120038	752.071101	
25.92462	846.220562	846.187981	752.217128	752.175821	
25.93482	846.33428	846.310154	752.330846	752.289267	
25.94497	846.448214	846.414874	752.44478	752.393987	
25.95503	846.561641	846.537047	752.558208	752.507434	
25.96522	846.677173	846.650493	752.673739	752.62088	
25.97534	846.792454	846.76394	752.789021	752.734326	
25.98548	846.908707	846.86866	752.905274	752.847773	
25.99562	847.025543	846.990833	753.022109	752.969946	
26.00572	847.142493	847.104279	753.13906	753.083392	
26.01706	847.274772	847.217726	753.271338	753.196839	
26.02609	847.380334	847.339899	753.376901	753.319012	
26.03621	847.499392	847.462072	753.495959	753.441185	
26.04632	847.618945	847.575518	753.615512	753.563358	
26.05643	847.739159	847.697691	753.735726	753.685531	
26.06684	847.863515	847.819864	753.860082	753.807704	
26.07674	847.982337	847.942037	753.978904	753.929877	
26.08687	848.103933	848.072937	754.1005	754.05205	
26.09704	848.226033	848.19511	754.2226	754.191676	
26.10714	848.347137	848.317283	754.343704	754.313849	
26.11836	848.481933	848.439456	754.4785	754.436022	
26.12757	848.592357	848.570356	754.588924	754.566922	
26.13759	848.712549	848.701255	754.709116	754.697822	
26.14776	848.834637	848.823428	754.831204	754.819995	
26.15781	848.955213	848.945601	754.95178	754.942168	
26.16803	849.077841	849.076501	755.074408	755.073068	
26.17814	849.199137	849.198674	755.195704	755.195241	
26.18827	849.320649	849.329574	755.317216	755.317414	
26.19839	849.442137	849.451747	755.438704	755.448313	
26.2085	849.563505	849.57392	755.560072	755.570486	
26.21969	849.697905	849.696093	755.694472	755.69266	
26.22915	849.811389	849.818266	755.807956	755.814833	
26.23897	849.929085	849.940439	755.925652	755.937006	
26.24912	850.050981	850.062612	756.047548	756.059179	
26.2592	850.171845	850.184785	756.168412	756.181352	
26.26937	850.293969	850.298232	756.290536	756.303525	
26.2795	850.415493	850.420405	756.41206	756.425698	
26.2896	850.536633	850.533851	756.5332	756.539144	
26.2998	850.659021	850.656024	756.655588	756.661317	
26.30994	850.780797	850.778197	756.777364	756.78349	
26.32106	850.914237	850.90037	756.910804	756.905663	
26.33074	851.030385	851.022543	757.026952	757.027836	
26.3408	851.151129	851.144716	757.147696	757.150009	
26.35093	851.272581	851.266889	757.269148	757.263456	
26.36104	851.393949	851.389062	757.390516	757.385629	
26.37189	851.524245	851.511235	757.520812	757.516529	
26.38126	851.636577	851.633409	757.633144	757.629975	
26.39143	851.758593	851.755582	757.75516	757.752148	
26.40158	851.880417	851.877755	757.876984	757.874321	
26.41195	852.004953	851.999928	758.00152	757.996494	
26.42236	852.129837	852.122101	758.126404	758.109941	
26.43212	852.246957	852.244274	758.243524	758.24084	
26.44209	852.366633	852.375173	758.3632	758.363013	
26.45217	852.487545	852.497346	758.484112	758.47646	
26.46228	852.608889	852.61952	758.605456	758.598633	
26.47243	852.730677	852.741693	758.727244	758.720806	
26.48262	852.852933	852.863866	758.8495	758.842979	
26.49275	852.974457	852.986039	758.971024	758.965152	
26.50286	853.095825	853.116938	759.092392	759.087325	
26.51293	853.216677	853.239111	759.213244	759.209498	
26.52364	853.345209	853.352558	759.341776	759.340398	
26.53326	853.460649	853.474731	759.457216	759.453844	
26.54337	853.581993	853.596904	759.57856	759.584744	
26.55349	853.703409	853.719077	759.699976	759.706917	
26.56357	853.824369	853.84125	759.820936	759.82909	
26.57377	853.946781	853.963423	759.943348	759.951263	
26.5839	854.068293	854.085596	760.06486	760.073436	
26.594	854.189445	854.199043	760.186012	760.195609	
26.6042	854.311893	854.321216	760.30846	760.317782	
26.61426	854.432613	854.443389	760.42918	760.439955	
26.62489	854.560281	854.565562	760.556848	760.562128	
26.63491	854.680425	854.687735	760.676992	760.684301	
26.6452	854.803941	854.809908	760.800508	760.806474	
26.65515	854.923221	854.932081	760.919788	760.928647	
26.66527	855.044697	855.054254	761.041264	761.042094	
26.67544	855.166749	855.176427	761.163316	761.164267	
26.68555	855.288141	855.289873	761.284708	761.28644	
26.6957	855.409857	855.412046	761.406424	761.408613	
26.70584	855.531501	855.534219	761.528068	761.530786	
26.71601	855.653637	855.656392	761.650204	761.652959	
26.72729	855.789069	855.769839	761.785636	761.792585	
26.73633	855.897417	855.892012	761.893984	761.897305	
26.74652	856.019781	856.014185	762.016348	762.019478	
26.75657	856.140261	856.136358	762.136828	762.141651	
26.77581	856.371237	856.371977	762.367804	762.377271	
26.78029	856.424973	856.424337	762.42154	762.42963	
26.79043	856.546665	856.54651	762.543232	762.551803	
26.80056	856.668153	856.668683	762.66472	762.673977	
26.81072	856.790133	856.790856	762.7867	762.79615	
26.82077	856.910745	856.913029	762.907312	762.918323	
26.83099	857.033385	857.043929	763.029952	763.040496	
26.84119	857.155821	857.157376	763.152388	763.162669	
26.85127	857.276697	857.279549	763.273264	763.284842	
26.86137	857.397993	857.401722	763.39456	763.407015	
26.87182	857.523333	857.523895	763.5199	763.520461	
26.88165	857.641269	857.646068	763.637836	763.642634	
26.89176	857.762589	857.759514	763.759156	763.756081	
26.90189	857.884185	857.881687	763.880752	763.878254	
26.912	858.005817	858.00386	764.002384	764.000427	
26.92216	858.127413	858.126033	764.12398	764.113873	
26.93233	858.249489	858.248206	764.246056	764.236046	
26.94247	858.371121	858.370379	764.367688	764.358219	
26.95258	858.492525	858.483826	764.489092	764.471666	
26.96278	858.614817	858.605999	764.611384	764.593839	
26.97328	858.740841	858.728172	764.737408	764.716012	
26.98333	858.861489	858.841618	764.858056	764.838185	
26.99325	858.980529	858.972518	764.977096	764.951631	
27.00324	859.100337	859.094691	765.096904	765.082531	
27.01331	859.221177	859.216864	765.217744	765.204704	
27.02356	859.344213	859.339037	765.34078	765.326877	
27.03367	859.465569	859.46121	765.462136	765.44905	
27.04385	859.587693	859.583383	765.58426	765.571223	
27.05392	859.708605	859.705556	765.705172	765.702123	
27.06402	859.830093	859.836456	765.82666	765.824296	
27.08255	860.052081	860.063349	766.048648	766.059915	
27.08693	860.104593	860.115709	766.10116	766.112275	
27.0971	860.226633	860.237882	766.2232	766.234448	
27.10722	860.348061	860.368781	766.344628	766.356621	
27.1173	860.469069	860.490954	766.465636	766.478794	
27.12747	860.591145	860.613128	766.587712	766.600967	
27.13764	860.713125	860.744027	766.709692	766.731867	
27.14782	860.835369	860.8662	766.831936	766.85404	
27.15794	860.956773	860.988373	766.95334	766.976213	
27.16802	861.077685	861.110546	767.074252	767.098386	
27.17822	861.200085	861.232719	767.196652	767.229286	
27.18831	861.321225	861.346166	767.317792	767.342732	
27.19846	861.442941	861.468339	767.439508	767.464905	
27.20855	861.564117	861.590512	767.560684	767.595805	
27.2187	861.685881	861.703958	767.682448	767.709251	
27.22884	861.807537	861.826131	767.804104	767.822698	
27.23902	861.929697	861.939578	767.926264	767.944871	
27.24949	862.055349	862.053024	768.051916	768.067044	
27.25949	862.175397	862.175197	768.171964	768.18049	
27.26942	862.294593	862.29737	768.29116	768.293937	
27.27952	862.415661	862.419543	768.412228	768.41611	
27.28965	862.537221	862.53299	768.533788	768.529556	
27.29981	862.659189	862.646436	768.655756	768.643003	
27.30994	862.780713	862.768609	768.77728	768.765176	
27.32005	862.902453	862.890782	768.89902	768.896075	
27.33015	863.023281	863.012955	769.019848	769.009522	
27.34037	863.145981	863.135128	769.142548	769.131695	
27.35051	863.267673	863.248575	769.26424	769.262594	
27.36073	863.390253	863.370748	769.38682	769.384768	
27.37149	863.519433	863.492921	769.516	769.498214	
27.38089	863.632173	863.615094	769.62874	769.620387	
27.39096	863.753013	863.737267	769.74958	769.74256	
27.40113	863.875077	863.868167	769.871644	769.864733	
27.41127	863.996673	863.99034	769.99324	769.986906	
27.42139	864.118161	864.112513	770.114728	770.109079	
27.43182	864.243429	864.234686	770.239996	770.231252	
27.44173	864.362313	864.356859	770.35888	770.353425	
27.45179	864.482925	864.479032	770.479492	770.475598	
27.46191	864.604353	864.601205	770.60092	770.597771	
27.47206	864.726549	864.723378	770.723116	770.711218	
27.48582	864.893997	864.845551	770.890564	770.824664	
27.49235	864.969669	864.967724	770.966236	770.955564	
27.50244	865.090737	865.089897	771.087304	771.077737	
27.51256	865.212273	865.21207	771.20884	771.191183	
27.52278	865.334805	865.325516	771.331372	771.313356	
27.53432	865.473513	865.44769	771.47008	771.435529	
27.54337	865.581957	865.561136	771.578524	771.548976	
27.55313	865.699077	865.683309	771.695644	771.662422	
27.56322	865.820097	865.805482	771.816664	771.784595	
27.57335	865.941741	865.927655	771.938308	771.906768	
27.58359	866.064621	866.049828	772.061188	772.028941	
27.59361	866.184873	866.172001	772.18144	772.151114	
27.60374	866.306361	866.294174	772.302928	772.273287	
27.61387	866.427957	866.416347	772.424524	772.404187	
27.62395	866.549301	866.53852	772.545868	772.52636	
27.64295	866.776989	866.765413	772.773556	772.76198	
27.64739	866.830161	866.8265	772.826728	772.814339	
27.6575	866.951541	866.948673	772.948108	772.936513	
27.66764	867.073125	867.079572	773.069692	773.076139	
27.67776	867.194553	867.201745	773.19112	773.198312	
27.68793	867.316605	867.323918	773.313172	773.320485	
27.69807	867.438405	867.446092	773.434972	773.451385	
27.70818	867.559641	867.568265	773.556208	773.582284	
27.71836	867.681813	867.690438	773.67838	773.704457	
27.72845	867.802965	867.812611	773.799532	773.82663	
27.73976	867.938673	867.934784	773.93524	773.966257	
27.7488	868.047117	868.056957	774.043684	774.070977	
27.7589	868.168329	868.17913	774.164896	774.19315	
27.77836	868.401837	868.414749	774.398404	774.420042	
27.79106	868.554285	868.467109	774.550852	774.568395	
27.79545	868.606881	868.615462	774.603448	774.620755	
27.80558	868.728369	868.746362	774.724936	774.742928	
27.81572	868.850169	868.859808	774.846736	774.865101	
27.82588	868.972005	868.964528	774.968572	774.978548	
27.83621	869.096049	869.069248	775.092616	775.100721	
27.84635	869.217801	869.173967	775.214368	775.222894	
27.85635	869.337693	869.278687	775.33426	775.345067	
27.86654	869.459937	869.392134	775.456504	775.458513	
27.87677	869.582757	869.514307	775.579324	775.580686	
27.88694	869.704761	869.627753	775.701328	775.694133	
27.89708	869.826405	869.749926	775.822972	775.816306	
27.90722	869.948049	869.872099	775.944616	775.938479	
27.91734	870.069657	869.994272	776.066224	776.051925	
27.92744	870.190761	870.116445	776.187328	776.165372	
27.93763	870.312981	870.247345	776.309548	776.287545	
27.94782	870.435309	870.378245	776.431876	776.409718	
27.95793	870.556617	870.500418	776.553184	776.523164	
27.96809	870.678513	870.622591	776.67508	776.645337	
27.97821	870.800073	870.75349	776.79664	776.76751	
27.98836	870.921813	870.88439	776.91838	776.89841	
27.99847	871.043157	871.006563	777.039724	777.011856	
28.00862	871.164981	871.137463	777.161548	777.142756	
28.0188	871.287105	871.268363	777.283672	777.264929	
28.02887	871.407861	871.390536	777.404428	777.387102	
28.03903	871.529769	871.521435	777.526336	777.509275	
28.0494	871.654341	871.652335	777.650908	777.640175	
28.05935	871.773705	871.783235	777.770272	777.771075	
28.06958	871.896441	871.914134	777.893008	777.893248	
28.07959	872.016609	872.036307	778.013176	778.015421	
28.08977	872.138661	872.167207	778.135228	778.14632	
28.09988	872.260089	872.28938	778.256656	778.268493	
28.11001	872.381625	872.42028	778.378192	778.390666	
28.12018	872.504181	872.542453	778.500748	778.521566	
28.13056	872.629113	872.664626	778.62568	778.643739	
28.14037	872.745993	872.786799	778.74256	778.765912	
28.15174	872.882421	872.926425	778.878988	778.905539	
28.16184	873.003621	873.048598	779.000188	779.027712	
28.17198	873.125277	873.170771	779.121844	779.149885	
28.18207	873.246393	873.292945	779.24296	779.272058	
28.19222	873.368217	873.415118	779.364784	779.394231	
28.20232	873.489333	873.528564	779.4859	779.516404	
28.21246	873.610977	873.650737	779.607544	779.638577	
28.22259	873.732537	873.764183	779.729104	779.76075	
28.23276	873.854601	873.886356	779.851168	779.874196	
28.24437	873.992783	874.00853	779.98935	779.996369	
28.25308	874.096018	874.130703	780.092585	780.118542	
28.26311	874.214141	874.244149	780.210707	780.231989	
28.27331	874.333828	874.357595	780.330394	780.354162	
28.28348	874.452498	874.479768	780.449065	780.467608	
28.29354	874.569215	874.601941	780.565782	780.589781	
28.30362	874.685648	874.715388	780.682215	780.703228	
28.31375	874.801998	874.828834	780.798565	780.825401	
28.32388	874.917746	874.951007	780.914313	780.947574	
28.33398	875.032418	875.07318	781.028985	781.06102	
28.3606	875.329482	875.28262	781.326049	781.366453	
28.36501	875.378814	875.422246	781.375381	781.418813	
28.37623	875.503503	875.553146	781.50007	781.549712	
28.38605	875.612061	875.657866	781.608627	781.654432	
28.39609	875.722485	875.762585	781.719052	781.767879	
28.40613	875.832231	875.858579	781.828798	781.881325	
28.41633	875.943058	875.963298	781.939625	781.986045	
28.42645	876.052472	876.068018	782.049038	782.090764	
28.43655	876.161124	876.172738	782.157691	782.204211	
28.4469	876.271849	876.277458	782.268416	782.308931	
28.45686	876.377708	876.382177	782.374274	782.41365	
28.46704	876.485259	876.486897	782.481826	782.51837	
28.47713	876.591318	876.591617	782.587884	782.62309	
28.48763	876.701004	876.705063	782.69757	782.72781	
28.49778	876.806471	876.81851	782.803037	782.832529	
28.50792	876.911159	876.923229	782.907726	782.937249	
28.51804	877.015051	877.036676	783.011617	783.041969	
28.52821	877.118848	877.150122	783.115414	783.137962	
28.53829	877.221092	877.254842	783.217659	783.242682	
28.54956	877.334722	877.359562	783.331288	783.347402	
28.55861	877.425447	877.464281	783.422014	783.443395	
28.56888	877.5277	877.569001	783.524267	783.539388	
28.57893	877.627245	877.673721	783.623811	783.644107	
28.58897	877.725972	877.778441	783.722539	783.740101	
28.59918	877.825912	877.88316	783.822479	783.84482	
28.60932	877.924488	877.979154	783.921055	783.940813	
28.61944	878.02225	878.075147	784.018817	784.036807	
28.62957	878.11945	878.179866	784.116016	784.141526	
28.63966	878.215802	878.27586	784.212368	784.237519	
28.65091	878.32238	878.371853	784.318946	784.350966	
28.66007	878.408628	878.476572	784.405194	784.446959	
28.67012	878.502634	878.563839	784.4992	784.542952	
28.68029	878.597217	878.668559	784.593784	784.638945	
28.69065	878.692976	878.764552	784.689543	784.734938	
28.70054	878.78377	878.860545	784.780337	784.839658	
28.71062	878.875616	878.947811	784.872182	784.935651	
28.72078	878.967583	879.043804	784.96415	785.031644	
28.73097	879.059275	879.139798	785.055841	785.127637	
28.741	879.148923	879.227064	785.14549	785.22363	
28.75218	879.248374	879.323057	785.24494	785.319624	
28.76142	879.329535	879.410324	785.326101	785.398163	
28.78074	879.497128	879.584856	785.493695	785.572696	
28.78526	879.536424	879.619763	785.532991	785.607603	
28.79548	879.624475	879.70703	785.621041	785.694869	
28.80539	879.709212	879.794296	785.705778	785.773409	
28.81554	879.795382	879.881562	785.791949	785.860676	
28.82572	879.881232	879.968829	785.877799	785.947942	
28.83592	879.966672	880.056095	785.963239	786.026482	
28.84598	880.05021	880.134635	786.046777	786.113748	
28.85618	880.134388	880.213175	786.130954	786.192288	
28.86632	880.217476	880.291715	786.214043	786.270828	
28.87642	880.299608	880.370255	786.296174	786.358094	
28.88653	880.381132	880.448794	786.377698	786.427908	
28.89686	880.463942	880.527334	786.460508	786.515174	
28.90691	880.543806	880.605874	786.540373	786.584987	
28.917	880.62343	880.675687	786.619996	786.663527	
28.92711	880.702602	880.754227	786.699169	786.742067	
28.93724	880.781282	880.832767	786.777849	786.81188	
28.9474	880.859597	880.90258	786.856163	786.89042	
28.95751	880.936928	880.98112	786.933494	786.96896	
28.96771	881.014334	881.050933	787.0109	787.038773	
28.97782	881.09043	881.129473	787.086996	787.117313	
28.98797	881.166244	881.208013	787.16281	787.195853	
28.99805	881.240926	881.286553	787.237493	787.265666	
29.00828	881.316072	881.356366	787.312638	787.344206	
29.01839	881.389725	881.426179	787.386292	787.414019	
29.02851	881.462851	881.495992	787.459418	787.483832	
29.03863	881.535412	881.574532	787.531978	787.553645	
29.04873	881.607196	881.653072	787.603762	787.632185	
29.059	881.679543	881.722885	787.67611	787.701998	
29.06927	881.751293	881.792698	787.747859	787.780538	
29.07919	881.819996	881.862511	787.816563	787.850351	
29.08943	881.890312	881.932324	787.886879	787.920164	
29.09949	881.958764	882.002137	787.95533	787.989977	
29.10968	882.027521	882.071951	788.024087	788.059791	
29.11978	882.095048	882.141764	788.091615	788.129604	
29.12993	882.162292	882.20285	788.158858	788.19069	
29.14004	882.228672	882.263937	788.225238	788.260503	
29.15014	882.294376	882.33375	788.290942	788.330317	
29.16038	882.360391	882.403563	788.356957	788.391403	
29.17058	882.425583	882.46465	788.42215	788.45249	
29.18065	882.489185	882.534463	788.485751	788.522303	
29.19076	882.552522	882.595549	788.549088	788.583389	
29.20084	882.615095	882.665363	788.611661	788.644476	
29.211	882.677556	882.726449	788.674123	788.705562	
29.22115	882.739304	882.787536	788.735871	788.766649	
29.23125	882.800153	882.848622	788.796719	788.827735	
29.24143	882.860868	882.909709	788.857434	788.888822	
29.25181	882.922191	882.970795	788.918757	788.949908	
29.2617	882.979998	883.031882	788.976565	789.010995	
29.27183	883.038607	883.092968	789.035174	789.063355	
29.28197	883.096666	883.145328	789.093232	789.124441	
29.29215	883.154306	883.206415	789.150873	789.176801	
29.30223	883.210855	883.258775	789.207422	789.237888	
29.3124	883.267229	883.319861	789.263795	789.290248	
29.3225	883.322647	883.380948	789.319213	789.351334	
29.33269	883.377943	883.433307	789.374509	789.403694	
29.34279	883.43213	883.485667	789.428696	789.456054	
29.3533	883.487889	883.538027	789.484456	789.508414	
29.36313	883.539487	883.590387	789.536053	789.552047	
29.37391	883.595373	883.642747	789.59194	789.604407	
29.38329	883.643445	883.695107	789.640012	789.656767	
29.39343	883.694848	883.73874	789.691414	789.709127	
29.40355	883.745496	883.7911	789.742063	789.761487	
29.4137	883.795761	883.834733	789.792327	789.80512	
29.42383	883.845255	883.887093	789.841821	789.848753	
29.43396	883.894183	883.930726	789.890749	789.901113	
29.44418	883.942933	883.97436	789.939499	789.944746	
29.4629	884.02968	884.061626	790.026246	790.032013	
29.46734	884.050309	884.079079	790.046876	790.049466	
29.4774	884.096299	884.122713	790.092865	790.093099	
29.49746	884.18512	884.209979	790.181686	790.180366	
29.50204	884.205461	884.227432	790.202027	790.206545	
29.51197	884.248871	884.271066	790.245437	790.250179	
29.52211	884.292594	884.323425	790.28916	790.302539	
29.5323	884.335917	884.358332	790.332484	790.337445	
29.54236	884.378082	884.410692	790.374649	790.389805	
29.55251	884.420051	884.445598	790.416618	790.424712	
29.56311	884.463164	884.497958	790.45973	790.477072	
29.57323	884.503789	884.532865	790.500356	790.520705	
29.58332	884.543637	884.576498	790.540204	790.564338	
29.59344	884.583054	884.620131	790.579621	790.616698	
29.60359	884.621959	884.655038	790.618525	790.651604	
29.61369	884.660095	884.698671	790.656662	790.703964	
29.62385	884.69785	884.742304	790.694417	790.738871	
29.63401	884.73501	884.777211	790.731576	790.773777	
29.65206	884.798677	884.847024	790.795244	790.843591	
29.65643	884.814158	884.864477	790.810724	790.861044	
29.66669	884.849722	884.899384	790.846289	790.904677	
29.67674	884.88397	884.943017	790.880536	790.939584	
29.68695	884.918136	884.977924	790.914702	790.97449	
29.69702	884.951274	885.01283	790.94784	791.009397	
29.70718	884.984077	885.047737	790.980643	791.044304	
29.71746	885.016685	885.082644	791.013252	791.07921	
29.72745	885.047779	885.108824	791.044345	791.10539	
29.73758	885.07874	885.14373	791.075306	791.140297	
29.74769	885.109	885.16991	791.105567	791.166477	
29.75787	885.138916	885.204817	791.135482	791.192657	
29.76803	885.168169	885.230997	791.164736	791.218836	
29.77819	885.196804	885.257177	791.193371	791.245016	
29.78838	885.224935	885.283356	791.221501	791.279923	
29.79843	885.252068	885.309536	791.248635	791.297376	
29.80863	885.279048	885.335716	791.275615	791.332283	
29.81882	885.305408	885.361896	791.301975	791.349736	
29.82886	885.330756	885.388076	791.327322	791.375916	
29.83911	885.356064	885.414256	791.35263	791.402096	
29.84914	885.380236	885.440436	791.376803	791.419549	
29.85925	885.404048	885.457889	791.400614	791.445729	
29.86979	885.428197	885.484069	791.424764	791.463183	
29.8796	885.45014	885.510249	791.446706	791.489362	
29.88972	885.472176	885.527703	791.468743	791.506816	
29.89984	885.493648	885.545156	791.490214	791.524269	
29.90994	885.514496	885.571336	791.511063	791.541722	
29.92039	885.535433	885.588789	791.532	791.559176	
29.93054	885.555182	885.606242	791.551749	791.576629	
29.94064	885.574265	885.623696	791.570832	791.594082	
29.95077	885.592823	885.641149	791.58939	791.611536	
29.96085	885.610728	885.649876	791.607295	791.620262	
29.9711	885.62833	885.667329	791.624896	791.637715	
29.98123	885.645142	885.684782	791.641708	791.646442	
29.99138	885.661418	885.702236	791.657984	791.663895	
30.00148	885.677048	885.710962	791.673615	791.672622	
30.01192	885.69258	885.719689	791.689147	791.681349	
30.02173	885.70665	885.737142	791.703216	791.698802	
30.03185	885.720611	885.745869	791.717177	791.707529	
30.04199	885.734004	885.754595	791.73057	791.716255	
30.05211	885.746822	885.763322	791.743388	791.733709	
30.06222	885.759071	885.772049	791.755638	791.742435	
30.0724	885.770837	885.772049	791.767404	791.751162	
30.08258	885.782031	885.780775	791.778597	791.759889	
30.09274	885.792646	885.789502	791.789212	791.768615	
30.10283	885.802641	885.789502	791.799208	791.786068	
30.11329	885.812414	885.798229	791.80898	791.786068	
30.1231	885.821077	885.806955	791.817644	791.803522	
30.13318	885.829448	885.806955	791.826014	791.803522	
30.14332	885.83732	885.806955	791.833887	791.812248	
30.15343	885.844636	885.815682	791.841202	791.820975	
30.16358	885.851462	885.824409	791.848028	791.820975	
30.17374	885.857767	885.824409	791.854333	791.829702	
30.1839	885.863553	885.824409	791.860119	791.838428	
30.19401	885.868807	885.824409	791.865374	791.838428	
30.21208	885.876271	885.841862	791.872838	791.847155	
30.21647	885.878142	885.841862	791.874708	791.847155	
30.2266	885.881876	885.841862	791.878442	791.855882	
30.23675	885.885166	885.850588	791.881733	791.855882	
30.24687	885.888018	885.850588	791.884584	791.855882	
30.25697	885.890456	885.859315	791.887023	791.864608	
30.26796	885.892631	885.859315	791.889198	791.864608	
30.2773	885.894204	885.859315	791.890771	791.855882	
30.28742	885.899265	885.859315	791.895832	791.855882	
30.29761	885.899265	885.859315	791.895832	791.855882	
30.30767	885.899265	885.859315	791.895832	791.855882	
30.31785	885.899265	885.859315	791.895832	791.855882	
30.32797	885.899265	885.859315	791.895832	791.855882	
30.33815	885.899265	885.859315	791.895832	791.855882	
30.34829	885.899265	885.859315	791.895832	791.855882	
30.35841	885.899265	885.859315	791.895832	791.855882	
30.36926	885.899265	885.859315	791.895832	791.855882	
30.3789	885.899265	885.859315	791.895832	791.855882	
30.38891	885.899265	885.859315	791.895832	791.855882	
30.39915	885.899265	885.859315	791.895832	791.855882	
30.40913	885.899265	885.859315	791.895832	791.855882	
30.41933	885.899265	885.859315	791.895832	791.855882	
30.42944	885.899265	885.859315	791.895832	791.855882	
30.4396	885.899265	885.859315	791.895832	791.855882	
30.44976	885.899265	885.859315	791.895832	791.855882	
30.45982	885.899265	885.859315	791.895832	791.855882	
30.47054	885.899265	885.859315	791.895832	791.855882	
30.48028	885.899265	885.859315	791.895832	791.855882	
30.49031	885.899265	885.859315	791.895832	791.855882	
30.50045	885.899265	885.859315	791.895832	791.855882	
30.51063	885.899265	885.859315	791.895832	791.855882	
30.52067	885.899265	885.859315	791.895832	791.855882	
30.53088	885.899265	885.859315	791.895832	791.855882	
30.54096	885.899265	885.859315	791.895832	791.855882	
30.55106	885.899265	885.859315	791.895832	791.855882	
30.56343	885.899265	885.859315	791.895832	791.855882	
30.57445	885.899265	885.859315	791.895832	791.855882	
30.58329	885.899265	885.859315	791.895832	791.855882	
30.59343	885.899265	885.859315	791.895832	791.855882	
30.60352	885.899265	885.859315	791.895832	791.855882	
30.61361	885.899265	885.859315	791.895832	791.855882	
30.62379	885.899265	885.859315	791.895832	791.855882	
30.6339	885.899265	885.859315	791.895832	791.855882	
30.64405	885.899265	885.859315	791.895832	791.855882	
30.66202	885.899265	885.859315	791.895832	791.855882	
30.66635	885.899265	885.859315	791.895832	791.855882	
30.67718	885.899265	885.859315	791.895832	791.855882	
30.68732	885.899265	885.859315	791.895832	791.855882	
30.69749	885.899265	885.859315	791.895832	791.855882	
30.70753	885.899265	885.859315	791.895832	791.855882	
30.71766	885.899265	885.859315	791.895832	791.855882	
30.72784	885.899265	885.859315	791.895832	791.855882	
30.73799	885.899265	885.859315	791.895832	791.855882	
30.74814	885.899265	885.859315	791.895832	791.855882	
30.75825	885.899265	885.859315	791.895832	791.855882	
30.76835	885.899265	885.859315	791.895832	791.855882	
30.77946	885.899265	885.859315	791.895832	791.855882	
30.78955	885.899265	885.859315	791.895832	791.855882	
30.79971	885.899265	885.859315	791.895832	791.855882	
30.80991	885.899265	885.859315	791.895832	791.855882	
30.81997	885.899265	885.859315	791.895832	791.855882	
30.83013	885.899265	885.859315	791.895832	791.855882	
30.84034	885.899265	885.859315	791.895832	791.855882	
30.85044	885.899265	885.859315	791.895832	791.855882	
30.86055	885.899265	885.859315	791.895832	791.855882	
30.8707	885.899265	885.859315	791.895832	791.855882	
30.88085	885.899265	885.859315	791.895832	791.855882	
30.89105	885.899265	885.859315	791.895832	791.855882	
30.9011	885.899265	885.859315	791.895832	791.855882	
30.91122	885.899265	885.859315	791.895832	791.864608	
30.92183	885.899265	885.859315	791.895832	791.864608	
30.9315	885.899265	885.859315	791.895832	791.855882	
30.94161	885.899265	885.859315	791.895832	791.855882	
30.95175	885.899265	885.859315	791.895832	791.864608	
30.96184	885.899265	885.859315	791.895832	791.864608	
30.97207	885.899265	885.859315	791.895832	791.864608	
30.98219	885.899265	885.859315	791.895832	791.864608	
30.99238	885.899265	885.859315	791.895832	791.864608	
31.00245	885.899265	885.859315	791.895832	791.864608	
31.01255	885.899265	885.859315	791.895832	791.864608	
31.03101	885.899265	885.859315	791.895832	791.864608	
31.0354	885.899265	885.859315	791.895832	791.864608	
31.04553	885.899265	885.859315	791.895832	791.864608	
31.05568	885.899265	885.859315	791.895832	791.864608	
31.06581	885.899265	885.859315	791.895832	791.864608	
31.07611	885.899265	885.859315	791.895832	791.864608	
31.08629	885.899265	885.859315	791.895832	791.864608	
31.09648	885.899265	885.859315	791.895832	791.864608	
31.10657	885.899265	885.859315	791.895832	791.864608	
31.11666	885.899265	885.859315	791.895832	791.864608	
31.12684	885.899265	885.859315	791.895832	791.864608	
31.13694	885.899265	885.859315	791.895832	791.864608	
31.14715	885.899265	885.859315	791.895832	791.864608	
31.15726	885.899265	885.859315	791.895832	791.864608	
31.16734	885.899265	885.859315	791.895832	791.864608	
31.17758	885.899265	885.859315	791.895832	791.864608	
31.18804	885.899265	885.859315	791.895832	791.864608	
31.19782	885.899265	885.859315	791.895832	791.864608	
31.20791	885.899265	885.859315	791.895832	791.864608	
31.21803	885.899265	885.859315	791.895832	791.864608	
31.22823	885.899265	885.859315	791.895832	791.864608	
31.23832	885.899265	885.859315	791.895832	791.864608	
31.24847	885.899265	885.859315	791.895832	791.864608	
31.2586	885.899265	885.859315	791.895832	791.864608	
31.26867	885.899265	885.859315	791.895832	791.864608	
31.27884	885.899265	885.859315	791.895832	791.864608	
31.28927	885.899265	885.859315	791.895832	791.864608	
31.29918	885.899265	885.859315	791.895832	791.864608	
31.30934	885.899265	885.859315	791.895832	791.864608	
31.31938	885.899265	885.859315	791.895832	791.864608	
31.32954	885.899265	885.859315	791.895832	791.864608	
31.33968	885.899265	885.859315	791.895832	791.864608	
31.34977	885.899265	885.859315	791.895832	791.864608	
31.35993	885.899265	885.859315	791.895832	791.864608	
31.37005	885.899265	885.859315	791.895832	791.864608	
31.38057	885.899265	885.859315	791.895832	791.864608	
31.39038	885.899265	885.859315	791.895832	791.864608	
31.4005	885.899265	885.859315	791.895832	791.864608	
31.4106	885.899265	885.859315	791.895832	791.864608	
31.42076	885.899265	885.859315	791.895832	791.864608	
31.43086	885.899265	885.859315	791.895832	791.864608	
31.44101	885.899265	885.859315	791.895832	791.864608	
31.45119	885.899265	885.859315	791.895832	791.864608	
31.46126	885.899265	885.859315	791.895832	791.864608	
31.47141	885.899265	885.859315	791.895832	791.864608	
31.48926	885.899265	885.859315	791.895832	791.864608	
31.49369	885.899265	885.859315	791.895832	791.864608	
31.50377	885.899265	885.859315	791.895832	791.864608	
31.51393	885.899265	885.859315	791.895832	791.864608	
31.52404	885.899265	885.859315	791.895832	791.864608	
31.54249	885.899265	885.859315	791.895832	791.864608	
31.54696	885.899265	885.859315	791.895832	791.864608	
31.557	885.899265	885.859315	791.895832	791.864608	
31.56716	885.899265	885.859315	791.895832	791.864608	
31.57725	885.899265	885.859315	791.895832	791.864608	
31.58741	885.899265	885.859315	791.895832	791.864608	
31.59772	885.899265	885.859315	791.895832	791.864608	
31.6077	885.899265	885.859315	791.895832	791.864608	
31.61788	885.899265	885.859315	791.895832	791.864608	
31.62794	885.899265	885.859315	791.895832	791.864608	
31.63813	885.899265	885.859315	791.895832	791.864608	
31.64824	885.899265	885.859315	791.895832	791.864608	
31.65838	885.899265	885.859315	791.895832	791.864608	
31.66856	885.899265	885.859315	791.895832	791.864608	
31.67861	885.899265	885.859315	791.895832	791.864608	
31.68878	885.899265	885.859315	791.895832	791.864608	
31.69916	885.899265	885.859315	791.895832	791.864608	
31.70904	885.899265	885.859315	791.895832	791.864608	
31.7192	885.899265	885.859315	791.895832	791.864608	
31.72929	885.899265	885.859315	791.895832	791.864608	
31.73948	885.899265	885.859315	791.895832	791.864608	
31.7496	885.899265	885.859315	791.895832	791.864608	
31.75971	885.899265	885.859315	791.895832	791.864608	
31.7699	885.899265	885.859315	791.895832	791.864608	
31.78083	885.899265	885.859315	791.895832	791.864608	
31.79055	885.899265	885.859315	791.895832	791.864608	
31.801	885.899265	885.859315	791.895832	791.864608	
31.81089	885.899265	885.859315	791.895832	791.864608	
31.82093	885.899265	885.859315	791.895832	791.864608	
31.83107	885.899265	885.859315	791.895832	791.864608	
31.84129	885.899265	885.859315	791.895832	791.864608	
31.85138	885.899265	885.859315	791.895832	791.864608	
31.86148	885.899265	885.859315	791.895832	791.864608	
31.87162	885.899265	885.859315	791.895832	791.864608	
31.88175	885.899265	885.859315	791.895832	791.864608	
31.89297	885.899265	885.859315	791.895832	791.864608	
31.90238	885.899265	885.859315	791.895832	791.864608	
31.91211	885.899265	885.859315	791.895832	791.864608	
31.92228	885.899265	885.859315	791.895832	791.864608	
31.93247	885.899265	885.859315	791.895832	791.864608	
31.94258	885.899265	885.859315	791.895832	791.864608	
31.96055	885.899265	885.859315	791.895832	791.864608	
31.96493	885.899265	885.859315	791.895832	791.864608	
31.97509	885.899265	885.859315	791.895832	791.864608	
31.98519	885.899265	885.859315	791.895832	791.864608	
31.99562	885.899265	885.859315	791.895832	791.864608	
32.00556	885.899265	885.859315	791.895832	791.864608	
32.01568	885.899265	885.859315	791.895832	791.864608	
32.02582	885.899265	885.859315	791.895832	791.864608	
32.03593	885.899265	885.859315	791.895832	791.864608	
32.04609	885.899265	885.859315	791.895832	791.864608	
32.05622	885.899265	885.859315	791.895832	791.864608	
32.06635	885.899265	885.859315	791.895832	791.864608	
32.0766	885.899265	885.859315	791.895832	791.864608	
32.08676	885.899265	885.859315	791.895832	791.864608	
32.09807	885.899265	885.859315	791.895832	791.864608	
32.10714	885.899265	885.859315	791.895832	791.864608	
32.11718	885.899265	885.859315	791.895832	791.864608	
32.12732	885.899265	885.859315	791.895832	791.864608	
32.13742	885.899265	885.859315	791.895832	791.864608	
32.14761	885.899265	885.868042	791.895832	791.864608	
32.15772	885.899265	885.868042	791.895832	791.864608	
32.16785	885.899265	885.876768	791.895832	791.864608	
32.17802	885.899265	885.876768	791.895832	791.864608	
32.1881	885.899265	885.876768	791.895832	791.864608	
32.19943	885.899265	885.885495	791.895832	791.864608	
32.20845	885.899265	885.885495	791.895832	791.864608	
32.21857	885.899265	885.894222	791.895832	791.864608	
32.22868	885.899265	885.894222	791.895832	791.864608	
32.23878	885.899265	885.894222	791.895832	791.864608	
32.24896	885.899265	885.894222	791.895832	791.864608	
32.25914	885.899265	885.885495	791.895832	791.864608	
32.26923	885.899265	885.885495	791.895832	791.873335	
32.27937	885.899265	885.885495	791.895832	791.873335	
32.28945	885.899265	885.885495	791.895832	791.873335	
32.30071	885.899265	885.876768	791.895832	791.882062	
32.3098	885.899265	885.876768	791.895832	791.890788	
32.3199	885.899265	885.876768	791.895832	791.890788	
32.33004	885.899265	885.885495	791.895832	791.899515	
32.34012	885.899265	885.885495	791.895832	791.899515	
32.3503	885.899265	885.885495	791.895832	791.899515	
32.36047	885.899265	885.885495	791.895832	791.899515	
32.37055	885.899265	885.885495	791.895832	791.890788	
32.38142	885.899265	885.885495	791.895832	791.890788	
32.39186	885.899265	885.885495	791.895832	791.890788	
32.4121	885.899265	885.876768	791.895832	791.890788	
32.41683	885.899265	885.876768	791.895832	791.890788	
32.42688	885.899265	885.876768	791.895832	791.890788	
