4.336944	1037.42466	1037.42371	943.50849	943.50754	
4.347015	1037.42618	1037.42371	943.510013	943.50754	
4.357166	1037.42834	1037.42371	943.512178	943.50754	
4.367256	1037.4311	1037.42371	943.514937	943.50754	
4.377589	1037.43465	1037.42371	943.518483	943.50754	
4.388166	1037.43882	1037.42371	943.522653	943.50754	
4.39776	1037.44318	1037.42371	943.527015	943.50754	
4.407853	1037.4484	1037.42371	943.532233	943.50754	
4.418034	1037.45429	1037.42371	943.538123	943.50754	
4.428077	1037.4607	1037.42371	943.544538	943.50754	
4.438292	1037.46785	1037.42371	943.551687	943.50754	
4.44843	1037.47556	1037.42371	943.559397	943.50754	
4.4586	1037.48393	1037.42371	943.567758	943.50754	
4.468683	1037.49282	1037.42371	943.576648	943.50754	
4.479056	1037.50262	1037.42371	943.586454	943.50754	
4.488949	1037.51254	1037.42371	943.596377	943.516267	
4.499077	1037.52333	1037.43243	943.607158	943.516267	
4.509173	1037.53468	1037.43243	943.618517	943.524994	
4.519282	1037.54667	1037.44116	943.630506	943.524994	
4.529431	1037.55933	1037.44989	943.643159	943.53372	
4.5397	1037.57278	1037.45861	943.656611	943.542447	
4.549742	1037.5865	1037.47607	943.670336	943.5599	
4.559924	1037.60106	1037.49352	943.684896	943.577354	
4.570154	1037.61632	1037.51097	943.700157	943.594807	
4.580596	1037.63256	1037.52843	943.716391	943.61226	
4.590343	1037.64826	1037.54588	943.732089	943.629713	
4.600484	1037.66523	1037.56333	943.749059	943.647167	
4.610625	1037.68281	1037.58951	943.766641	943.673347	
4.62071	1037.7009	1037.61569	943.784736	943.699527	
4.630882	1037.71978	1037.64187	943.803612	943.725706	
4.641086	1037.73935	1037.66805	943.823182	943.751886	
4.651169	1037.75927	1037.70296	943.843102	943.778066	
4.661368	1037.78007	1037.72914	943.863901	943.804246	
4.671445	1037.80121	1037.75532	943.885041	943.839153	
4.681942	1037.82391	1037.79023	943.907747	943.874059	
4.691996	1037.84626	1037.81641	943.93009	943.900239	
4.702142	1037.86941	1037.84259	943.953242	943.935146	
4.71227	1037.89315	1037.87749	943.976981	943.961326	
4.722407	1037.91753	1037.9124	944.001362	943.996233	
4.73255	1037.94253	1037.94731	944.026366	944.031139	
4.742757	1037.96834	1037.98221	944.052171	944.066046	
4.753195	1037.99537	1038.00839	944.079203	944.100952	
4.763281	1038.02209	1038.0433	944.105922	944.127132	
4.773409	1038.04954	1038.06948	944.133372	944.162039	
4.783578	1038.07772	1038.10439	944.161558	944.196945	
4.793723	1038.10647	1038.13929	944.190299	944.231852	
4.803898	1038.1359	1038.16547	944.219736	944.258032	
4.813993	1038.16573	1038.20038	944.249562	944.292938	
4.824093	1038.19617	1038.22656	944.280004	944.327845	
4.834315	1038.22762	1038.26147	944.311453	944.362752	
4.844486	1038.25956	1038.29637	944.343396	944.397658	
4.854589	1038.29183	1038.33128	944.375659	944.423838	
4.864716	1038.32483	1038.35746	944.40866	944.458745	
4.874857	1038.35849	1038.39237	944.442325	944.484925	
4.885087	1038.39308	1038.42727	944.476908	944.519831	
4.89538	1038.42853	1038.45345	944.512364	944.546011	
4.905329	1038.46335	1038.48836	944.547183	944.572191	
4.915538	1038.49973	1038.52326	944.583564	944.607098	
4.925561	1038.53604	1038.55817	944.619875	944.642004	
4.935733	1038.57353	1038.59308	944.657366	944.676911	
4.945914	1038.61168	1038.62798	944.69551	944.711818	
4.956105	1038.65046	1038.66289	944.734291	944.746724	
4.966186	1038.68944	1038.70652	944.773275	944.790357	
4.97632	1038.72925	1038.74143	944.813082	944.833991	
4.986432	1038.76958	1038.78506	944.853411	944.868897	
4.996618	1038.81084	1038.81997	944.894672	944.903804	
5.006732	1038.8524	1038.8636	944.936229	944.947437	
5.016819	1038.89448	1038.90724	944.978313	944.99107	
5.027007	1038.9376	1038.94214	945.021437	945.025977	
5.037106	1038.98094	1038.98578	945.064771	945.06961	
5.047548	1039.02646	1039.02941	945.110295	945.113243	
5.057521	1039.07048	1039.07304	945.154315	945.14815	
5.067672	1039.11591	1039.11668	945.199739	945.20051	
5.07776	1039.16167	1039.16031	945.2455	945.235416	
5.088124	1039.20938	1039.20394	945.293212	945.287776	
5.098084	1039.25575	1039.2563	945.339578	945.322683	
5.108175	1039.30335	1039.29994	945.387184	945.375043	
5.11828	1039.35166	1039.34357	945.435498	945.418676	
5.128422	1039.40074	1039.39593	945.484572	945.462309	
5.138984	1039.45256	1039.43956	945.536397	945.514669	
5.148779	1039.50119	1039.4832	945.585018	945.567029	
5.158873	1039.55186	1039.53556	945.635697	945.619389	
5.169013	1039.60342	1039.58792	945.687257	945.663022	
5.179568	1039.65777	1039.64028	945.741608	945.715382	
5.189602	1039.71002	1039.69264	945.793854	945.767742	
5.199728	1039.76336	1039.745	945.847197	945.820102	
5.209923	1039.81771	1039.80608	945.901546	945.872461	
5.220046	1039.87228	1039.86717	945.956113	945.924821	
5.230119	1039.92717	1039.91953	946.011001	945.985908	
5.240556	1039.98473	1039.97189	946.068565	946.046994	
5.250813	1040.04195	1040.03297	946.12578	946.108081	
5.260535	1040.09667	1040.09406	946.180508	946.160441	
5.270666	1040.15437	1040.15515	946.238206	946.230254	
5.280756	1040.21241	1040.21623	946.296246	946.282614	
5.290967	1040.27183	1040.27732	946.355659	946.352427	
5.301111	1040.33142	1040.33841	946.41525	946.413514	
5.311204	1040.39133	1040.39077	946.475162	946.4746	
5.322128	1040.45696	1040.46058	946.540794	946.544413	
5.332177	1040.51789	1040.52167	946.60172	946.6055	
5.343417	1040.58687	1040.58275	946.670703	946.666586	
5.352468	1040.64281	1040.65257	946.726642	946.736399	
5.362609	1040.7061	1040.71365	946.789937	946.797486	
5.372736	1040.76997	1040.77474	946.853803	946.858572	
5.382846	1040.83435	1040.84455	946.918187	946.928386	
5.393243	1040.90121	1040.90564	946.985044	946.989472	
5.403212	1040.9659	1040.96673	947.049732	947.050559	
5.413285	1041.03185	1041.03654	947.11568	947.111645	
5.423429	1041.09893	1041.09763	947.182766	947.181458	
5.433527	1041.16629	1041.16744	947.250118	947.251272	
5.444629	1041.24117	1041.23725	947.325002	947.321085	
5.453858	1041.3038	1041.29834	947.387632	947.390898	
5.464011	1041.37338	1041.36815	947.457216	947.460711	
5.474173	1041.44368	1041.43796	947.52751	947.530524	
5.484246	1041.51393	1041.50778	947.597759	947.600337	
5.494437	1041.58565	1041.57759	947.66948	947.670151	
5.504557	1041.65747	1041.6474	947.741298	947.74869	
5.514682	1041.72993	1041.71722	947.813768	947.818504	
5.52483	1041.80322	1041.78703	947.887057	947.888317	
5.534918	1041.87664	1041.86557	947.960471	947.95813	
5.545919	1041.95753	1041.94411	948.041361	948.03667	
5.555284	1042.02678	1042.02265	948.110613	948.11521	
5.56542	1042.10244	1042.10119	948.18627	948.193749	
5.575544	1042.1786	1042.171	948.262429	948.272289	
5.585822	1042.25657	1042.24954	948.340408	948.342102	
5.595944	1042.33396	1042.32808	948.417791	948.420642	
5.606102	1042.41223	1042.40662	948.496061	948.499182	
5.616221	1042.49081	1042.48516	948.574644	948.586448	
5.626395	1042.57047	1042.57243	948.6543	948.656262	
5.636477	1042.65001	1042.65097	948.733843	948.743528	
5.64712	1042.73472	1042.72951	948.81855	948.813341	
5.657176	1042.8153	1042.80805	948.899129	948.900608	
5.666934	1042.89399	1042.88659	948.977825	948.970421	
5.677136	1042.97697	1042.97385	949.0608	949.057687	
5.68718	1043.05925	1043.05239	949.143081	949.136227	
5.697424	1043.14384	1043.13093	949.22767	949.214767	
5.70758	1043.2283	1043.2182	949.312133	949.302033	
5.717637	1043.3125	1043.29674	949.396334	949.380573	
5.727761	1043.39793	1043.38401	949.481764	949.46784	
5.737903	1043.48413	1043.47127	949.567963	949.54638	
5.748408	1043.57411	1043.55854	949.657947	949.633646	
5.758215	1043.65863	1043.63708	949.74246	949.720912	
5.768282	1043.74595	1043.72435	949.829786	949.808179	
5.778425	1043.83462	1043.81161	949.918452	949.895445	
5.7891	1043.92868	1043.90761	950.012513	949.982712	
5.799029	1044.01662	1043.98615	950.100449	950.078705	
5.810564	1044.11999	1044.08214	950.203826	950.165971	
5.82846	1044.28198	1044.25667	950.365811	950.340504	
5.832855	1044.32172	1044.29158	950.40555	950.375411	
5.842951	1044.41385	1044.38757	950.497685	950.462677	
5.853772	1044.51338	1044.48356	950.59721	950.558671	
5.863941	1044.60748	1044.57956	950.691313	950.66339	
5.874058	1044.70171	1044.68428	950.785538	950.750657	
5.884204	1044.79681	1044.77154	950.880642	950.84665	
5.894303	1044.89212	1044.87626	950.975954	950.942643	
5.904501	1044.98898	1044.96353	951.072817	951.047363	
5.914626	1045.08575	1045.06825	951.169581	951.152082	
5.924768	1045.18327	1045.16424	951.267105	951.248076	
5.934879	1045.28115	1045.26024	951.364983	951.352795	
5.945029	1045.38001	1045.36496	951.463847	951.457515	
5.95522	1045.47995	1045.46968	951.563785	951.553508	
5.973534	1045.66193	1045.57439	951.745761	951.745494	
5.977918	1045.70536	1045.69657	951.789193	951.789128	
5.988075	1045.80693	1045.80129	951.890759	951.893847	
5.998145	1045.90824	1045.90601	951.992072	951.989841	
6.008319	1046.01116	1045.99327	952.094994	952.09456	
6.018411	1046.1139	1046.08054	952.197735	952.19928	
6.028603	1046.21829	1046.18526	952.30212	952.304	
6.038684	1046.32215	1046.28125	952.405986	952.40872	
6.049108	1046.43022	1046.37725	952.514048	952.504713	
6.059028	1046.53369	1046.48197	952.617524	952.609432	
6.069203	1046.64034	1046.58669	952.724172	952.714152	
6.07928	1046.74655	1046.70013	952.830388	952.818872	
6.089374	1046.85366	1046.80485	952.93749	952.914865	
6.099577	1046.96249	1046.9183	953.046323	953.019585	
6.109657	1047.07061	1047.02302	953.154439	953.133031	
6.119784	1047.17984	1047.14519	953.263675	953.237751	
6.137789	1047.3765	1047.24991	953.460331	953.429737	
6.142103	1047.42352	1047.38954	953.507355	953.482097	
6.153321	1047.54692	1047.51171	953.630756	953.595543	
6.162472	1047.6479	1047.61643	953.731735	953.700263	
6.172651	1047.76094	1047.72115	953.844773	953.804983	
6.182766	1047.87391	1047.82587	953.957746	953.927156	
6.192852	1047.98712	1047.93059	954.070949	954.040602	
6.203091	1048.10274	1048.04404	954.186571	954.154049	
6.213224	1048.21771	1048.15748	954.301541	954.276222	
6.223342	1048.33317	1048.27093	954.417	954.389668	
6.233479	1048.44947	1048.3931	954.533305	954.503115	
6.24367	1048.56699	1048.51527	954.650819	954.625288	
6.254516	1048.6929	1048.63745	954.776731	954.738734	
6.263897	1048.80209	1048.76835	954.885926	954.860907	
6.274105	1048.92169	1048.89052	955.005525	954.98308	
6.284219	1049.04076	1049.02142	955.124597	955.105253	
6.294317	1049.16028	1049.15232	955.244116	955.236153	
6.304482	1049.28123	1049.28322	955.365062	955.358326	
6.314641	1049.40274	1049.41412	955.486568	955.480499	
6.324772	1049.52453	1049.54502	955.608367	955.611399	
6.33487	1049.64564	1049.67592	955.729471	955.733572	
6.344986	1049.76704	1049.80682	955.850875	955.864471	
6.35573	1049.89604	1049.93772	955.979875	955.986644	
6.365419	1050.01227	1050.06862	956.096107	956.126271	
6.375458	1050.13267	1050.19952	956.216503	956.248444	
6.385618	1050.25463	1050.32169	956.338459	956.370617	
6.395904	1050.37809	1050.45259	956.461927	956.501517	
6.405918	1050.49823	1050.57476	956.582059	956.62369	
6.416016	1050.61939	1050.69694	956.703223	956.745863	
6.426229	1050.74193	1050.81911	956.825767	956.868036	
6.436305	1050.86285	1050.94128	956.946679	956.998935	
6.446403	1050.98406	1051.06346	957.067891	957.121109	
6.456944	1051.11062	1051.18563	957.194455	957.243282	
6.466766	1051.22845	1051.31653	957.312283	957.365455	
6.476874	1051.34969	1051.42997	957.433519	957.487628	
6.487013	1051.47134	1051.55215	957.555175	957.601074	
6.497131	1051.59276	1051.66559	957.676591	957.723247	
6.507287	1051.71468	1051.78777	957.798511	957.84542	
6.517374	1051.83633	1051.90994	957.920167	957.967593	
6.527543	1051.95773	1052.02339	958.041559	958.08104	
6.537672	1052.0793	1052.14556	958.163131	958.203213	
6.547887	1052.2019	1052.25901	958.285735	958.325386	
6.558216	1052.32587	1052.38118	958.409707	958.438832	
6.568242	1052.44616	1052.50335	958.529995	958.561005	
6.578246	1052.56615	1052.6168	958.649983	958.683178	
6.588369	1052.68766	1052.73897	958.771495	958.796625	
6.598414	1052.80821	1052.85242	958.892047	958.918798	
6.609026	1052.93555	1052.97459	959.019379	959.040971	
6.618772	1053.05249	1053.09676	959.136319	959.154417	
6.628852	1053.17343	1053.21894	959.257267	959.267863	
6.638966	1053.29478	1053.33238	959.378611	959.390037	
6.649106	1053.41649	1053.45456	959.500327	959.51221	
6.65943	1053.54049	1053.568	959.624323	959.634383	
6.669543	1053.66182	1053.69018	959.745655	959.756556	
6.679505	1053.78128	1053.81235	959.865115	959.878729	
6.689653	1053.90306	1053.9258	959.986891	959.992175	
6.699861	1054.02557	1054.04797	960.109399	960.105622	
6.718194	1054.2456	1054.16141	960.329431	960.332514	
6.72261	1054.29855	1054.31849	960.382387	960.384874	
6.732697	1054.41959	1054.43194	960.503419	960.507047	
6.742844	1054.54133	1054.54539	960.625159	960.62922	
6.752936	1054.66247	1054.65011	960.746299	960.742667	
6.763547	1054.78986	1054.75483	960.873691	960.86484	
6.773302	1054.90687	1054.85955	960.990703	960.978286	
6.783396	1055.02794	1054.97299	961.111771	961.100459	
6.793583	1055.15022	1055.08644	961.234051	961.222632	
6.803751	1055.27222	1055.20861	961.356055	961.336079	
6.813857	1055.39351	1055.32206	961.477339	961.458252	
6.823943	1055.51454	1055.44423	961.598371	961.580425	
6.834126	1055.63672	1055.5664	961.720555	961.702598	
6.844256	1055.75828	1055.68858	961.842115	961.816044	
6.854354	1055.87945	1055.81948	961.963279	961.946944	
6.864814	1056.00506	1055.94165	962.088895	962.069117	
6.87472	1056.12389	1056.06382	962.207719	962.182563	
6.884846	1056.24536	1056.19472	962.329195	962.304736	
6.895171	1056.3693	1056.32562	962.453131	962.435636	
6.905145	1056.48897	1056.45652	962.572807	962.557809	
6.915286	1056.61064	1056.58742	962.694475	962.679982	
6.925404	1056.73206	1056.7096	962.815891	962.810882	
6.935522	1056.85345	1056.8405	962.937283	962.933055	
6.94567	1056.97525	1056.9714	963.059083	963.055228	
6.955806	1057.09691	1057.09357	963.180739	963.177401	
6.974998	1057.32729	1057.33791	963.411127	963.41302	
6.979379	1057.37977	1057.39027	963.463603	963.46538	
6.989522	1057.50152	1057.5299	963.585355	963.59628	
6.999656	1057.62309	1057.65207	963.706927	963.718453	
7.00976	1057.74434	1057.77425	963.828175	963.840626	
7.019995	1057.86715	1057.90515	963.950983	963.962799	
7.030055	1057.98787	1058.02732	964.071703	964.093699	
7.040146	1058.10897	1058.14949	964.192807	964.207145	
7.050243	1058.23013	1058.27167	964.313959	964.329318	
7.060668	1058.35525	1058.40256	964.439083	964.460218	
7.070641	1058.47493	1058.52474	964.558759	964.573664	
7.080737	1058.59607	1058.64691	964.679899	964.695837	
7.091035	1058.71968	1058.76908	964.803511	964.818011	
7.101033	1058.83961	1058.89126	964.923439	964.940184	
7.11116	1058.96114	1059.0047	965.044975	965.05363	
7.121328	1059.08313	1059.11815	965.166967	965.167076	
7.139266	1059.29841	1059.32759	965.382247	965.385243	
7.143619	1059.35061	1059.37995	965.434447	965.428876	
7.15373	1059.47199	1059.50212	965.555827	965.551049	
7.16395	1059.59461	1059.61557	965.678443	965.673222	
7.174079	1059.71619	1059.73774	965.800027	965.795395	
7.184248	1059.83821	1059.85119	965.922043	965.917568	
7.194404	1059.96003	1059.97336	966.043867	966.031014	
7.204657	1060.08309	1060.09553	966.166927	966.161914	
7.214807	1060.20488	1060.21771	966.288715	966.27536	
7.224947	1060.32657	1060.33115	966.410407	966.397533	
7.235124	1060.4487	1060.45333	966.532531	966.519707	
7.245314	1060.57094	1060.5755	966.654775	966.64188	
7.255392	1060.6919	1060.69767	966.775735	966.764053	
7.266617	1060.82672	1060.81112	966.910555	966.894952	
7.277525	1060.95759	1060.95947	967.041427	967.043305	
7.287583	1061.07821	1061.08165	967.162039	967.165478	
7.297708	1061.19973	1061.21255	967.283563	967.287651	
7.307924	1061.32236	1061.33472	967.406191	967.409824	
7.31801	1061.44332	1061.45689	967.527151	967.531997	
7.328136	1061.56487	1061.57906	967.648699	967.654171	
7.338269	1061.68644	1061.70124	967.770271	967.78507	
7.348364	1061.8076	1061.82341	967.891435	967.907243	
7.358923	1061.93432	1061.94558	968.018155	968.029416	
7.369351	1062.05951	1062.06776	968.143339	968.151589	
7.378837	1062.1733	1062.18993	968.257135	968.273762	
7.388936	1062.29445	1062.3121	968.378287	968.395935	
7.399069	1062.41605	1062.43428	968.499883	968.518109	
7.409213	1062.53778	1062.55645	968.621611	968.640282	
7.419318	1062.65905	1062.6699	968.742883	968.762455	
7.429436	1062.78044	1062.79207	968.864275	968.875901	
7.439561	1062.90193	1062.90551	968.985763	968.998074	
7.449679	1063.02336	1063.02769	969.107191	969.120247	
7.459925	1063.14632	1063.14986	969.230155	969.24242	
7.47865	1063.37111	1063.26331	969.454939	969.460586	
7.483049	1063.4238	1063.41166	969.507631	969.512946	
7.493266	1063.54641	1063.53383	969.630247	969.626393	
7.503573	1063.67011	1063.63855	969.753943	969.739839	
7.513449	1063.78861	1063.74327	969.872443	969.862012	
7.523673	1063.9113	1063.85672	969.995131	969.984185	
7.533744	1064.03214	1063.97017	970.115971	970.097631	
7.54389	1064.1539	1064.08361	970.237735	970.211078	
7.554029	1064.27557	1064.20578	970.359403	970.333251	
7.564144	1064.39696	1064.32796	970.480795	970.455424	
7.574601	1064.52245	1064.45013	970.606279	970.577597	
7.584755	1064.64427	1064.5723	970.728103	970.69977	
7.594851	1064.76541	1064.7032	970.849243	970.821943	
7.605005	1064.88728	1064.82538	970.971115	970.944116	
7.615129	1065.00877	1064.95628	971.092603	971.066289	
7.625319	1065.13105	1065.08718	971.214883	971.188462	
7.635436	1065.25247	1065.20935	971.336299	971.310635	
7.645547	1065.37377	1065.34025	971.457607	971.432808	
7.655681	1065.49538	1065.47115	971.579215	971.563708	
7.665795	1065.61677	1065.60205	971.700607	971.685881	
7.676059	1065.73994	1065.73295	971.823775	971.808054	
7.686169	1065.86127	1065.85512	971.945107	971.930227	
7.696262	1065.98233	1065.98602	972.066163	972.061127	
7.706461	1066.10474	1066.11692	972.188575	972.174573	
7.716557	1066.22589	1066.23909	972.309727	972.305473	
7.726724	1066.3479	1066.36999	972.431731	972.427646	
7.73684	1066.46928	1066.49217	972.553111	972.549819	
7.746984	1066.59102	1066.62307	972.674851	972.671992	
7.757171	1066.71329	1066.74524	972.797119	972.794165	
7.767224	1066.8339	1066.86741	972.917731	972.916338	
7.777466	1066.95684	1066.98958	973.040671	973.038511	
7.787806	1067.08267	1067.12048	973.166503	973.169411	
7.798073	1067.2041	1067.24266	973.287931	973.300311	
7.80818	1067.32538	1067.36483	973.409215	973.422484	
7.818291	1067.44679	1067.487	973.530619	973.544657	
7.828413	1067.56823	1067.6179	973.652059	973.675556	
7.838584	1067.69023	1067.74008	973.774063	973.79773	
7.848712	1067.81174	1067.86225	973.895575	973.919903	
7.858808	1067.93292	1067.98442	974.016751	974.050802	
7.869169	1068.05732	1068.1066	974.141155	974.172975	
7.879139	1068.17691	1068.22877	974.260747	974.295148	
7.889297	1068.29922	1068.35094	974.383051	974.417321	
7.899446	1068.42059	1068.47311	974.504419	974.539494	
7.909514	1068.54137	1068.58656	974.625199	974.661667	
7.919696	1068.66359	1068.70873	974.747419	974.783841	
7.92981	1068.78497	1068.83091	974.868799	974.906014	
7.940037	1068.90768	1068.95308	974.991511	975.028187	
7.950075	1069.0281	1069.07525	975.111931	975.15036	
7.960229	1069.14995	1069.1887	975.233779	975.272533	
7.970722	1069.27591	1069.31087	975.359743	975.394706	
7.980512	1069.39338	1069.43305	975.477211	975.508152	
7.990736	1069.51607	1069.54649	975.599899	975.630325	
8.000827	1069.63712	1069.66867	975.720955	975.752498	
8.010928	1069.75835	1069.79084	975.842179	975.865945	
8.021117	1069.88064	1069.90428	975.964471	975.988118	
8.031247	1070.00221	1070.02646	976.086043	976.110291	
8.041415	1070.1242	1070.14863	976.208035	976.232464	
8.051483	1070.24499	1070.2708	976.328827	976.34591	
8.070777	1070.47657	1070.48897	976.560403	976.564076	
8.075148	1070.52899	1070.5326	976.612819	976.616436	
8.093615	1070.75066	1070.65478	976.834495	976.825876	
8.09802	1070.80344	1070.7944	976.887271	976.878236	
8.108193	1070.92554	1070.91658	977.009371	977.000409	
8.118256	1071.04634	1071.03002	977.130175	977.113855	
8.128416	1071.16819	1071.13474	977.252023	977.227301	
8.138616	1071.2906	1071.24819	977.374435	977.349475	
8.148682	1071.41138	1071.35291	977.495215	977.462921	
8.158791	1071.53269	1071.46635	977.616523	977.576367	
8.169274	1071.65856	1071.5798	977.742391	977.69854	
8.188239	1071.88616	1071.70197	977.969995	977.925433	
8.192637	1071.93885	1071.85905	978.022687	977.977793	
8.202777	1072.06052	1071.98123	978.144355	978.099966	
8.212921	1072.18224	1072.1034	978.266071	978.222139	
8.22311	1072.30455	1072.20812	978.388387	978.344312	
8.233192	1072.4255	1072.33029	978.509335	978.466485	
8.243346	1072.54737	1072.44374	978.631207	978.588658	
8.253489	1072.66907	1072.56591	978.752899	978.710831	
8.263603	1072.79041	1072.69681	978.874243	978.833004	
8.273708	1072.91172	1072.81898	978.995551	978.955177	
8.283987	1073.03509	1072.95861	979.118923	979.086077	
8.294037	1073.15565	1073.08951	979.239487	979.216977	
8.304184	1073.27741	1073.22041	979.361239	979.33915	
8.3144	1073.40001	1073.36004	979.483843	979.47005	
8.325186	1073.52951	1073.49094	979.613347	979.600949	
8.334589	1073.64229	1073.62184	979.726123	979.723122	
8.344708	1073.76371	1073.76146	979.847539	979.845295	
8.35483	1073.88517	1073.89236	979.969003	979.967468	
8.365	1074.0072	1074.02326	980.091031	980.098368	
8.375089	1074.12829	1074.15416	980.212123	980.220541	
8.385331	1074.25119	1074.28506	980.335027	980.351441	
8.395469	1074.3729	1074.42469	980.456731	980.473614	
8.405598	1074.4944	1074.54686	980.578231	980.595787	
8.415728	1074.61595	1074.67776	980.699779	980.71796	
8.425854	1074.73753	1074.80866	980.821363	980.84886	
8.436055	1074.85987	1074.93083	980.943703	980.971033	
8.446146	1074.98095	1075.05301	981.064783	981.084479	
8.456269	1075.10241	1075.17518	981.186247	981.215379	
8.46645	1075.22457	1075.29735	981.308407	981.328825	
8.476535	1075.34563	1075.41953	981.429463	981.450998	
8.486749	1075.46729	1075.5417	981.551122	981.573171	
8.49689	1075.58742	1075.66387	981.671253	981.695344	
8.507021	1075.70685	1075.77732	981.790678	981.817517	
8.517159	1075.82573	1075.89949	981.909561	981.93969	
8.527742	1075.95048	1076.02166	982.034312	982.061864	
8.537467	1076.06206	1076.13511	982.14589	982.184037	
8.547569	1076.1787	1076.25728	982.262533	982.30621	
8.5577	1076.29507	1076.37946	982.378898	982.428383	
8.567826	1076.41075	1076.4929	982.494584	982.541829	
8.577939	1076.52576	1076.60635	982.609591	982.655275	
8.588171	1076.64141	1076.72852	982.725244	982.777449	
8.598254	1076.75478	1076.83324	982.838612	982.890895	
8.608403	1076.86824	1076.95541	982.952073	983.004341	
8.618603	1076.98171	1077.06013	983.065539	983.117788	
8.629027	1077.09705	1077.17358	983.180886	983.231234	
8.638803	1077.20457	1077.28703	983.288406	983.344681	
8.648894	1077.31501	1077.39175	983.398842	983.4494	
8.659031	1077.42531	1077.49647	983.509146	983.562847	
8.669168	1077.53501	1077.60119	983.618838	983.667566	
8.679286	1077.64395	1077.70591	983.72778	983.781013	
8.689476	1077.75298	1077.81063	983.836812	983.885733	
8.699628	1077.86102	1077.91535	983.944857	983.990452	
8.709731	1077.96789	1078.01134	984.051721	984.095172	
8.719919	1078.07505	1078.11606	984.158886	984.208618	
8.730485	1078.18554	1078.22078	984.269371	984.304612	
8.740163	1078.28618	1078.31677	984.370009	984.400605	
8.750268	1078.39067	1078.42149	984.474498	984.505324	
8.760355	1078.49433	1078.51748	984.578166	984.601318	
8.770526	1078.59829	1078.61348	984.682119	984.697311	
8.780761	1078.70229	1078.7182	984.786121	984.793304	
8.790816	1078.8038	1078.81419	984.887638	984.889297	
8.800916	1078.90517	1078.91018	984.989001	984.994017	
8.81109	1079.00673	1079.0149	985.090559	985.09001	
8.821201	1079.10694	1079.1109	985.190773	985.186003	
8.839719	1079.28812	1079.28543	985.371956	985.369262	
8.844156	1079.33156	1079.32906	985.415388	985.412896	
8.854243	1079.42961	1079.42506	985.513442	985.517615	
8.864368	1079.52741	1079.52105	985.611245	985.604882	
8.874536	1079.62505	1079.62577	985.708885	985.709602	
8.884657	1079.7216	1079.72176	985.805438	985.814321	
8.894874	1079.81849	1079.81775	985.90232	985.910315	
8.904961	1079.91344	1079.92247	985.997276	986.006308	
8.915102	1080.00835	1080.01847	986.092183	986.102301	
8.925223	1080.10247	1080.11446	986.186305	986.198294	
8.935372	1080.19623	1080.21045	986.280064	986.303014	
8.945516	1080.28935	1080.30645	986.373184	986.39028	
8.955664	1080.38186	1080.40244	986.465693	986.486273	
8.965794	1080.4736	1080.49843	986.557428	986.582266	
8.975878	1080.56433	1080.59443	986.648162	986.678259	
8.986064	1080.65539	1080.69042	986.739221	986.774252	
8.996373	1080.7469	1080.77769	986.830735	986.861519	
9.006355	1080.83488	1080.87368	986.918712	986.948785	
9.016441	1080.92317	1080.95222	987.007008	987.036052	
9.026605	1081.01157	1081.03949	987.095406	987.123318	
9.044212	1081.1625	1081.18784	987.246334	987.271671	
9.054294	1081.24851	1081.2751	987.332346	987.350211	
9.073377	1081.40866	1081.43218	987.492493	987.507291	
9.077899	1081.44668	1081.47582	987.530517	987.542197	
9.088672	1081.53646	1081.54563	987.620296	987.620737	
9.098405	1081.61693	1081.6329	987.70076	987.699277	
9.108223	1081.6975	1081.70271	987.781337	987.786543	
9.118352	1081.78007	1081.78998	987.8639	987.856357	
9.128491	1081.86211	1081.85979	987.945943	987.943623	
9.139057	1081.94697	1081.9296	988.030805	988.013436	
9.148789	1082.02455	1082.00814	988.108378	988.091976	
9.158863	1082.10423	1082.08668	988.188059	988.170516	
9.168979	1082.18365	1082.1565	988.26748	988.240329	
9.179094	1082.26248	1082.23504	988.34631	988.327596	
9.189885	1082.3459	1082.31358	988.429733	988.406135	
9.199757	1082.42159	1082.38339	988.505422	988.484675	
9.20952	1082.49589	1082.46193	988.579721	988.554488	
9.219641	1082.57231	1082.54047	988.656142	988.633028	
9.229759	1082.6481	1082.61901	988.731935	988.711568	
9.248254	1082.7842	1082.69755	988.868037	988.851194	
9.252636	1082.8165	1082.79354	988.900331	988.886101	
9.262726	1082.89011	1082.86335	988.973939	988.964641	
9.272893	1082.96368	1082.94189	989.047515	989.034454	
9.283003	1083.03624	1083.00298	989.120069	989.112994	
9.294048	1083.1148	1083.06407	989.198636	989.191534	
9.303333	1083.18029	1083.13388	989.264125	989.261347	
9.313488	1083.25135	1083.20369	989.335183	989.33116	
9.324296	1083.32629	1083.27351	989.410124	989.400973	
9.3337	1083.39092	1083.35205	989.474755	989.470786	
9.343827	1083.45996	1083.42186	989.543793	989.540599	
9.353963	1083.52844	1083.5004	989.612271	989.610413	
9.364161	1083.59673	1083.57021	989.680565	989.671499	
9.374241	1083.66362	1083.64875	989.747452	989.741312	
9.384333	1083.73	1083.72729	989.813829	989.802399	
9.395351	1083.80176	1083.79711	989.885588	989.880939	
9.405008	1083.8641	1083.87565	989.947931	989.942025	
9.414783	1083.92662	1083.94546	990.010448	990.011838	
9.424913	1083.9908	1084.01527	990.074634	990.072925	
9.435029	1084.05432	1084.08508	990.138152	990.142738	
9.445217	1084.11766	1084.14617	990.201494	990.195098	
9.455351	1084.18006	1084.21598	990.263896	990.264911	
9.465459	1084.2419	1084.27707	990.325729	990.325998	
9.475622	1084.30307	1084.33816	990.386901	990.387084	
9.485697	1084.36332	1084.40797	990.447149	990.456897	
9.496707	1084.42844	1084.46906	990.512277	990.52671	
9.506059	1084.4832	1084.53014	990.567036	990.57907	
9.516191	1084.54196	1084.59123	990.62579	990.63143	
9.526295	1084.59994	1084.65232	990.683775	990.692517	
9.536383	1084.65725	1084.70468	990.74108	990.753603	
9.54663	1084.71482	1084.75704	990.798654	990.805963	
9.556735	1084.77101	1084.81812	990.854844	990.858323	
9.566858	1084.82669	1084.87048	990.910524	990.919409	
9.576978	1084.88175	1084.92284	990.96558	990.971769	
9.587077	1084.93612	1084.96648	991.019953	991.024129	
9.597963	1084.994	1085.01884	991.077834	991.076489	
9.607624	1085.04479	1085.0712	991.128621	991.128849	
9.617705	1085.09724	1085.12356	991.181071	991.181209	
9.627894	1085.1496	1085.17592	991.233438	991.233569	
9.637948	1085.20073	1085.21955	991.284561	991.285929	
9.648117	1085.25177	1085.27191	991.335607	991.329562	
9.658273	1085.30218	1085.31554	991.386017	991.381922	
9.668406	1085.35186	1085.3679	991.435697	991.434282	
9.678566	1085.40107	1085.41154	991.484901	991.477915	
9.689016	1085.45104	1085.45517	991.53487	991.521548	
9.699275	1085.4995	1085.50753	991.583337	991.573908	
9.717045	1085.58115	1085.59479	991.664982	991.661174	
9.721525	1085.60178	1085.61225	991.685617	991.687354	
9.731534	1085.64714	1085.66461	991.730977	991.730988	
9.741992	1085.69391	1085.70824	991.777744	991.783347	
9.752117	1085.73857	1085.75187	991.822402	991.826981	
9.762255	1085.78271	1085.80423	991.866545	991.870614	
9.772407	1085.8263	1085.84787	991.910132	991.914247	
9.782489	1085.86899	1085.8915	991.952827	991.95788	
9.804056	1085.9569	1085.97877	992.040733	992.053873	
9.808542	1085.97528	1085.99622	992.059108	992.071327	
9.818716	1086.0162	1086.03985	992.100037	992.11496	
9.828724	1086.05588	1086.08349	992.139718	992.149867	
9.839073	1086.09628	1086.11839	992.180113	992.1935	
9.84896	1086.13431	1086.1533	992.218144	992.228406	
9.859111	1086.17277	1086.19693	992.256605	992.263313	
9.869234	1086.21051	1086.23184	992.294342	992.306946	
9.879341	1086.24759	1086.27547	992.331423	992.341853	
9.889491	1086.28436	1086.31038	992.368191	992.376759	
9.900587	1086.32358	1086.34529	992.407417	992.411666	
9.910018	1086.35652	1086.38019	992.440357	992.446573	
9.919956	1086.39065	1086.4151	992.474483	992.481479	
9.930061	1086.42474	1086.44128	992.508576	992.516386	
9.940159	1086.45823	1086.47619	992.542068	992.551292	
9.950591	1086.4922	1086.51109	992.576032	992.586199	
9.960407	1086.52362	1086.546	992.607451	992.621105	
9.970566	1086.55551	1086.57218	992.639344	992.647285	
9.980657	1086.5866	1086.60709	992.670437	992.673465	
9.990751	1086.61714	1086.64199	992.700969	992.708372	
10.00174	1086.64966	1086.66817	992.733491	992.734552	
10.01105	1086.67672	1086.69435	992.760553	992.760732	
10.02118	1086.70556	1086.72926	992.789396	992.795638	
10.03134	1086.73389	1086.75544	992.817726	992.821818	
10.04147	1086.76157	1086.78162	992.845399	992.847998	
10.052	1086.78969	1086.81653	992.873522	992.874178	
10.0626	1086.81774	1086.83398	992.901569	992.900358	
10.07213	1086.84171	1086.86016	992.925541	992.926538	
10.08224	1086.86695	1086.88634	992.950787	992.952718	
10.09249	1086.89195	1086.91252	992.975784	992.978898	
10.10303	1086.917	1086.9387	993.000829	993.005078	
10.11299	1086.94013	1086.95615	993.023962	993.022531	
10.12286	1086.96247	1086.9736	993.046301	993.039985	
10.13298	1086.98481	1086.99978	993.06864	993.066164	
10.14309	1087.00653	1087.01724	993.090365	993.083618	
10.15326	1087.02781	1087.03469	993.111646	993.101071	
10.16341	1087.04847	1087.05214	993.132299	993.118524	
10.17362	1087.06863	1087.06087	993.152468	993.135978	
10.1841	1087.08872	1087.07832	993.172552	993.153431	
10.19418	1087.10748	1087.09578	993.191311	993.170884	
10.20548	1087.12775	1087.11323	993.211581	993.188337	
10.2145	1087.14352	1087.12196	993.227349	993.197064	
10.22466	1087.16068	1087.13068	993.24451	993.214517	
10.23482	1087.17725	1087.13941	993.261087	993.223244	
10.24488	1087.1931	1087.14814	993.27693	993.231971	
10.25507	1087.20858	1087.15686	993.292415	993.249424	
10.26515	1087.22332	1087.16559	993.307157	993.266877	
10.27539	1087.23772	1087.17432	993.321555	993.275604	
10.28559	1087.25148	1087.18304	993.335314	993.284331	
10.29563	1087.26449	1087.19177	993.348323	993.301784	
10.30693	1087.27839	1087.2005	993.362221	993.310511	
10.31606	1087.2892	1087.2005	993.373037	993.319237	
10.32681	1087.30128	1087.21795	993.385112	993.33669	
10.3362	1087.31137	1087.22668	993.395201	993.354144	
10.34632	1087.32168	1087.2354	993.405516	993.36287	
10.35646	1087.33147	1087.25286	993.415301	993.371597	
10.36661	1087.34071	1087.27031	993.424544	993.38905	
10.37682	1087.34947	1087.27904	993.433299	993.397777	
10.38687	1087.35755	1087.29649	993.441384	993.406504	
10.39698	1087.36515	1087.30522	993.448985	993.423957	
10.40823	1087.37293	1087.32267	993.45676	993.432684	
10.41734	1087.37885	1087.34012	993.462678	993.44141	
10.42747	1087.38489	1087.35758	993.468722	993.458864	
10.43764	1087.39044	1087.37503	993.474277	993.46759	
10.44782	1087.39554	1087.38376	993.479368	993.476317	
10.45787	1087.40001	1087.40121	993.483844	993.485043	
10.46807	1087.4041	1087.40994	993.487933	993.49377	
10.47816	1087.40768	1087.41866	993.491516	993.49377	
10.48828	1087.41083	1087.42739	993.494661	993.49377	
10.49835	1087.41353	1087.44484	993.497362	993.502497	
10.50957	1087.416	1087.44484	993.499835	993.511223	
10.51896	1087.41778	1087.44484	993.501613	993.511223	
10.52879	1087.41929	1087.45357	993.503125	993.511223	
10.53893	1087.42371	1087.45357	993.50754	993.511223	
10.54925	1087.42371	1087.44484	993.50754	993.511223	
10.55915	1087.42371	1087.44484	993.50754	993.511223	
10.56928	1087.42371	1087.44484	993.50754	993.511223	
10.57947	1087.42371	1087.44484	993.50754	993.511223	
10.58977	1087.42371	1087.44484	993.50754	993.502497	
10.60219	1087.42371	1087.44484	993.50754	993.502497	
10.61981	1087.42371	1087.44484	993.50754	993.502497	
10.62478	1087.42371	1087.44484	993.50754	993.502497	
10.63504	1087.42371	1087.44484	993.50754	993.502497	
