3.38224	554.492062	554.491103	460.619528	460.61857	
3.392407	554.493622	554.491103	460.621088	460.61857	
3.402399	554.495746	554.491103	460.623212	460.61857	
3.412438	554.498489	554.491103	460.625955	460.61857	
3.422813	554.501979	554.491103	460.629446	460.61857	
3.432742	554.505897	554.491103	460.633363	460.61857	
3.44286	554.510511	554.491103	460.637977	460.61857	
3.452989	554.515744	554.491103	460.64321	460.61857	
3.46311	554.521588	554.491103	460.649054	460.61857	
3.473238	554.528054	554.491103	460.655521	460.61857	
3.483492	554.535234	554.491103	460.6627	460.61857	
3.493588	554.542909	554.491103	460.670376	460.61857	
3.503697	554.551206	554.491103	460.678673	460.61857	
3.513806	554.560121	554.491103	460.687588	460.61857	
3.524162	554.569902	554.491103	460.697369	460.627296	
3.534075	554.579837	554.491103	460.707303	460.627296	
3.544202	554.590612	554.49983	460.718079	460.627296	
3.554354	554.602036	554.508557	460.729502	460.627296	
3.564431	554.613978	554.517283	460.741445	460.644749	
3.574562	554.626608	554.52601	460.754074	460.653476	
3.584841	554.640054	554.55219	460.767521	460.670929	
3.594975	554.653923	554.569643	460.781389	460.688383	
3.605046	554.668311	554.595823	460.795777	460.705836	
3.615152	554.683365	554.613276	460.810831	460.732016	
3.625609	554.699615	554.639456	460.827081	460.749469	
3.635434	554.715438	554.665636	460.842904	460.784376	
3.645541	554.732333	554.700543	460.8598	460.810556	
3.655681	554.749903	554.726723	460.87737	460.836736	
3.665769	554.767992	554.761629	460.895459	460.871642	
3.67596	554.786902	554.787809	460.914368	460.906549	
3.686422	554.806978	554.822716	460.934444	460.941455	
3.696298	554.826481	554.857623	460.953947	460.967635	
3.706473	554.847216	554.892529	460.974682	461.002542	
3.716515	554.868276	554.927436	460.995742	461.037449	
3.726878	554.890677	554.953616	461.018143	461.072355	
3.737006	554.913165	554.988522	461.040631	461.107262	
3.747149	554.936309	555.014702	461.063775	461.133442	
3.757352	554.960218	555.049609	461.087685	461.168348	
3.767536	554.98471	555.075789	461.112177	461.203255	
3.777618	555.009551	555.101969	461.137018	461.229435	
3.787829	555.035358	555.136875	461.162824	461.255615	
3.797911	555.061416	555.163055	461.188882	461.290521	
3.808336	555.089053	555.189235	461.216519	461.316701	
3.818184	555.115704	555.215415	461.24317	461.342881	
3.828352	555.143857	555.241595	461.271323	461.369061	
3.838477	555.172499	555.267775	461.299965	461.386514	
3.848611	555.201794	555.293955	461.32926	461.412694	
3.858769	555.231775	555.311408	461.359241	461.430148	
3.868869	555.262196	555.337588	461.389662	461.447601	
3.879048	555.293482	555.355041	461.420948	461.465054	
3.88929	555.325605	555.381221	461.453072	461.482508	
3.899406	555.357915	555.398675	461.485382	461.499961	
3.909519	555.390842	555.416128	461.518308	461.517414	
3.919648	555.42443	555.433581	461.551897	461.534867	
3.929761	555.458585	555.451034	461.586052	461.552321	
3.939978	555.493728	555.468488	461.621194	461.569774	
3.950055	555.528977	555.485941	461.656443	461.587227	
3.960179	555.565017	555.503394	461.692483	461.604681	
3.970293	555.601638	555.520848	461.729105	461.630861	
3.980416	555.638908	555.547028	461.766374	461.65704	
3.994415	555.691793	555.581934	461.819259	461.691947	
4.006677	555.738956	555.608114	461.866422	461.726854	
4.014594	555.769652	555.634294	461.897118	461.76176	
4.024869	555.810219	555.669201	461.937685	461.796667	
4.043092	555.884603	555.704107	462.012069	461.875207	
4.047476	555.902426	555.74774	462.029892	461.89266	
4.057605	555.944409	555.791374	462.071876	461.936293	
4.067835	555.987434	555.843734	462.1149	461.988653	
4.077841	556.030097	555.887367	462.157563	462.041013	
4.088007	556.074098	555.948453	462.201564	462.102099	
4.106354	556.155987	556.000813	462.283454	462.215546	
4.110764	556.175564	556.079353	462.30303	462.241726	
4.120877	556.221311	556.14044	462.348777	462.302812	
4.131004	556.267746	556.210253	462.395212	462.372625	
4.141201	556.315119	556.271339	462.442585	462.433712	
4.151297	556.36264	556.349879	462.490107	462.503525	
4.161455	556.41107	556.419692	462.538536	462.564612	
4.171558	556.459838	556.489505	462.587304	462.643151	
4.181659	556.509224	556.559319	462.63669	462.704238	
4.193022	556.565627	556.637858	462.693093	462.774051	
4.202026	556.610685	556.707672	462.738151	462.843864	
4.212236	556.662475	556.777485	462.789941	462.904951	
4.222284	556.714305	556.847298	462.841771	462.966037	
4.232451	556.766842	556.908384	462.894309	463.035851	
4.24272	556.82125	556.978198	462.948716	463.096937	
4.25272	556.873965	557.039284	463.001431	463.158024	
4.262829	556.928297	557.100371	463.055763	463.210383	
4.272992	556.983568	557.15273	463.111035	463.262743	
4.283106	557.039153	557.213817	463.166619	463.315103	
4.294219	557.10107	557.266177	463.228537	463.367463	
4.303677	557.15418	557.318537	463.281646	463.419823	
4.313778	557.211562	557.36217	463.339028	463.472183	
4.323959	557.270023	557.405803	463.397489	463.515816	
4.334006	557.328339	557.458163	463.455805	463.559449	
4.344215	557.388208	557.49307	463.515674	463.603083	
4.354273	557.447794	557.54543	463.57526	463.646716	
4.364405	557.508425	557.580336	463.635891	463.681622	
4.374503	557.569462	557.623969	463.696929	463.725256	
4.384621	557.63126	557.658876	463.758726	463.768889	
4.403557	557.749584	557.702509	463.87705	463.856155	
4.407948	557.776887	557.754869	463.904353	463.873609	
4.418092	557.840882	557.798502	463.968348	463.917242	
4.428271	557.905714	557.842136	464.03318	463.960875	
4.438326	557.970327	557.885769	464.097793	464.013235	
4.448516	558.036507	557.929402	464.163973	464.065595	
4.458677	558.103039	557.981762	464.230505	464.117955	
4.468762	558.169706	558.034122	464.297172	464.170315	
4.478911	558.237444	558.086482	464.36491	464.231401	
4.489022	558.305527	558.147568	464.432993	464.292488	
4.499517	558.376903	558.208655	464.504369	464.362301	
4.509437	558.444862	558.278468	464.572328	464.432114	
4.519487	558.514349	558.339554	464.641815	464.501927	
4.529612	558.584978	558.418094	464.712445	464.57174	
4.53977	558.656473	558.487907	464.783939	464.65028	
4.549898	558.728356	558.575174	464.855822	464.72882	
4.560015	558.800782	558.653714	464.928248	464.816086	
4.570164	558.874064	558.74098	465.00153	464.894626	
4.580314	558.947949	558.836973	465.075415	464.981893	
4.590387	559.021894	558.92424	465.14936	465.069159	
4.600791	559.099004	559.020233	465.22647	465.165152	
4.610813	559.17375	559.116226	465.301216	465.252419	
4.620883	559.249493	559.212219	465.376959	465.348412	
4.630983	559.326105	559.308212	465.453571	465.444405	
4.641135	559.403724	559.412932	465.53119	465.540398	
4.651313	559.482172	559.517652	465.609638	465.636391	
4.661487	559.561202	559.613645	465.688669	465.732384	
4.671599	559.640347	559.709638	465.767813	465.828377	
4.681722	559.7202	559.814358	465.847667	465.92437	
4.691895	559.801103	559.901624	465.928569	466.020364	
4.703129	559.891218	560.006344	466.018684	466.125083	
4.713714	559.976804	560.102337	466.10427	466.21235	
4.723441	560.055948	560.19833	466.183414	466.299616	
4.733552	560.138859	560.285596	466.266325	466.395609	
4.744048	560.225626	560.372863	466.353092	466.474149	
4.753787	560.306616	560.460129	466.434082	466.561416	
4.763984	560.392088	560.538669	466.519554	466.639955	
4.774071	560.477271	560.617209	466.604737	466.718495	
4.78416	560.563047	560.695749	466.690513	466.805762	
4.794318	560.650092	560.774289	466.777558	466.875575	
4.804506	560.737974	560.844102	466.86544	466.954115	
4.814671	560.826251	560.913915	466.953717	467.032655	
4.824827	560.915077	560.983728	467.042543	467.102468	
4.834943	561.0042	561.062268	467.131667	467.181008	
4.8454	561.096995	561.132081	467.224461	467.259547	
4.855174	561.184229	561.201894	467.311695	467.329361	
4.865285	561.275141	561.271708	467.402607	467.399174	
4.875421	561.366895	561.341521	467.494361	467.468987	
4.885541	561.45909	561.42006	467.586556	467.547527	
4.895719	561.552484	561.489874	467.67995	467.626066	
4.905859	561.646126	561.568413	467.773592	467.69588	
4.916097	561.741286	561.646953	467.868753	467.774419	
4.926146	561.835281	561.725493	467.962747	467.852959	
4.936289	561.930784	561.804033	468.05825	467.940226	
4.946845	562.030876	561.891299	468.158342	468.027492	
4.956955	562.127369	561.978566	468.254835	468.114759	
4.967031	562.224049	562.074559	468.351516	468.202025	
4.977201	562.322343	562.170552	468.449809	468.289292	
4.987308	562.420589	562.257819	468.548056	468.385285	
4.997537	562.520683	562.362538	468.648149	468.490004	
5.017576	562.719862	562.563251	468.847328	468.690717	
5.021941	562.763014	562.606884	468.89048	468.734351	
5.032075	562.864286	562.720331	468.991752	468.847797	
5.042185	562.96589	562.825051	469.093356	468.952517	
5.052403	563.06923	562.938497	469.196696	469.07469	
5.062505	563.171984	563.06067	469.299451	469.188136	
5.072639	563.275713	563.174116	469.403179	469.301583	
5.082781	563.38013	563.296289	469.507596	469.423756	
5.092848	563.484454	563.418462	469.61192	469.545929	
5.103913	563.599819	563.540636	469.727285	469.668102	
5.113396	563.699154	563.671535	469.82662	469.799001	
5.123313	563.803607	563.793708	469.931073	469.921174	
5.133508	563.911674	563.924608	470.03914	470.052074	
5.143611	564.019366	564.046781	470.146832	470.174247	
5.154073	564.131595	564.177681	470.259061	470.305147	
5.16395	564.238076	564.299854	470.365542	470.436047	
5.173981	564.346836	564.430753	470.474302	470.566946	
5.184115	564.457299	564.561653	470.584765	470.697846	
5.194223	564.568168	564.683826	470.695635	470.820019	
5.205608	564.693916	564.805999	470.821382	470.950919	
5.214567	564.793117	564.928172	470.920584	471.081818	
5.224643	564.905419	565.059072	471.032885	471.203991	
5.234892	565.020284	565.172518	471.14775	471.326165	
5.244947	565.133575	565.294691	471.261041	471.448338	
5.255415	565.252236	565.416864	471.379702	471.570511	
5.265156	565.363126	565.530311	471.490593	471.67523	
5.275325	565.479616	565.643757	471.607083	471.788677	
5.285502	565.596739	565.757204	471.724205	471.902123	
5.295714	565.714973	565.87065	471.842439	472.006843	
5.306798	565.844065	565.97537	471.971531	472.102836	
5.324181	566.048553	566.071363	472.176019	472.286096	
5.328556	566.099901	566.202263	472.227367	472.329729	
5.338734	566.220356	566.298256	472.347822	472.425722	
5.348805	566.340091	566.394249	472.467558	472.521715	
5.35898	566.461711	566.498969	472.589178	472.617708	
5.369119	566.583529	566.594962	472.710995	472.713701	
5.379219	566.704717	566.699681	472.832183	472.800968	
5.397241	566.921005	566.874214	473.048471	472.966774	
5.401578	566.973037	566.917848	473.100503	473.019134	
5.412151	567.099949	567.022567	473.227415	473.115127	
5.422248	567.221101	567.127287	473.348567	473.219847	
5.432373	567.342601	567.232007	473.470067	473.31584	
5.442486	567.463921	567.336727	473.591387	473.429286	
5.452948	567.589525	567.441446	473.716991	473.542733	
5.462707	567.706585	567.554893	473.834051	473.656179	
5.472809	567.827809	567.668339	473.955275	473.769625	
5.482948	567.949465	567.781786	474.076931	473.891799	
5.49308	568.071061	567.895232	474.198527	474.013972	
5.503201	568.192537	568.017405	474.320003	474.136145	
5.513377	568.315093	568.139578	474.442559	474.267044	
5.523763	568.439329	568.270478	474.566795	474.397944	
5.5337	568.558489	568.401377	474.685955	474.528844	
5.543774	568.679377	568.523551	474.806843	474.659743	
5.554184	568.804321	568.663177	474.931787	474.79937	
5.564112	568.923421	568.802803	475.050887	474.938996	
5.574176	569.044165	568.94243	475.171631	475.078622	
5.584296	569.165629	569.082056	475.293095	475.218249	
5.594416	569.287093	569.221682	475.414559	475.366602	
5.604541	569.408593	569.370035	475.536059	475.506228	
5.614818	569.531941	569.518388	475.659407	475.654581	
5.624945	569.653453	569.666741	475.780919	475.802934	
5.635053	569.774725	569.806368	475.902191	475.951287	
5.645129	569.895637	569.954721	476.023103	476.09964	
5.655545	570.020677	570.103074	476.148143	476.247993	
5.665398	570.139249	570.251427	476.266715	476.387619	
5.675529	570.260449	570.391053	476.387915	476.527246	
5.685691	570.382357	570.539406	476.509823	476.675599	
5.695773	570.503377	570.679032	476.630843	476.815225	
5.705922	570.625189	570.818659	476.752655	476.954851	
5.716135	570.747733	570.958285	476.875199	477.094478	
5.726327	570.870085	571.089185	476.997551	477.225377	
5.736419	570.991117	571.220084	477.118583	477.356277	
5.746467	571.111705	571.350984	477.239171	477.47845	
5.756879	571.236649	571.473157	477.364115	477.60935	
5.767175	571.360225	571.586603	477.487691	477.722796	
5.777183	571.480285	571.70005	477.607751	477.836243	
5.787267	571.601269	571.813496	477.728735	477.940962	
5.797467	571.723705	571.926943	477.851171	478.054409	
5.807563	571.844845	572.022936	477.972311	478.159129	
5.817753	571.967161	572.127655	478.094627	478.255122	
5.836109	572.187445	572.302188	478.314911	478.429655	
5.840479	572.239837	572.345822	478.367303	478.464561	
5.850694	572.362429	572.433088	478.489895	478.551828	
5.860739	572.482969	572.529081	478.610435	478.639094	
5.870915	572.605093	572.616348	478.732559	478.726361	
5.881035	572.726545	572.712341	478.854011	478.813627	
5.891178	572.848261	572.799607	478.975727	478.90962	
5.901319	572.969905	572.886874	479.097371	479.005613	
5.911418	573.091129	572.982867	479.218595	479.09288	
5.921745	573.215125	573.07886	479.342591	479.180146	
5.931781	573.335485	573.174853	479.462951	479.284866	
5.941912	573.457045	573.270846	479.584511	479.380859	
5.952044	573.578665	573.375566	479.706131	479.485579	
5.962181	573.700285	573.489012	479.827751	479.590299	
5.972376	573.822625	573.593732	479.950091	479.703745	
5.982688	573.948217	573.707178	480.075683	479.825918	
6.001905	574.177009	573.925345	480.304475	480.052811	
6.007459	574.243717	573.977704	480.371183	480.105171	
6.017941	574.369465	574.108604	480.496931	480.253524	
6.026944	574.477453	574.230777	480.604919	480.36697	
6.037163	574.600081	574.361677	480.727547	480.506596	
6.047166	574.720057	574.492577	480.847523	480.637496	
6.057269	574.841281	574.632203	480.968747	480.777122	
6.067456	574.963585	574.771829	481.091051	480.916749	
6.077663	575.086021	574.911456	481.213487	481.065102	
6.087753	575.207089	575.051082	481.334555	481.204728	
6.097897	575.328841	575.199435	481.456307	481.344354	
6.108082	575.451049	575.347788	481.578515	481.501434	
6.119324	575.586085	575.496141	481.713551	481.658514	
6.128344	575.694217	575.644494	481.821683	481.79814	
6.138483	575.815921	575.801574	481.943387	481.946493	
6.148636	575.937709	575.958653	482.065175	482.094846	
6.158842	576.060193	576.107006	482.187659	482.243199	
6.169012	576.182245	576.264086	482.309711	482.400279	
6.179138	576.303733	576.412439	482.431199	482.548632	
6.189294	576.425617	576.569518	482.553083	482.696985	
6.199409	576.546961	576.717871	482.674427	482.845338	
6.209544	576.668617	576.866224	482.796083	482.993691	
6.220638	576.801829	577.014577	482.929295	483.159497	
6.229869	576.912517	577.16293	483.039983	483.28167	
6.239974	577.033765	577.302557	483.161231	483.421296	
6.250139	577.155769	577.442183	483.283235	483.560923	
6.260284	577.277509	577.581809	483.404975	483.700549	
6.270593	577.401277	577.703982	483.528743	483.822722	
6.280533	577.520497	577.834882	483.647963	483.944895	
6.290692	577.642357	577.948329	483.769823	484.067068	
6.30082	577.763941	578.070502	483.891407	484.171788	
6.310906	577.884949	578.175221	484.012415	484.285234	
6.321989	578.018041	578.279941	484.145507	484.398681	
6.331261	578.129245	578.375934	484.256711	484.485947	
6.341409	578.250985	578.471927	484.378451	484.573214	
6.351535	578.372509	578.559194	484.499975	484.66048	
6.361644	578.493805	578.64646	484.621271	484.747746	
6.371804	578.615749	578.733727	484.743215	484.826286	
6.381881	578.736637	578.812266	484.864103	484.904826	
6.392054	578.858725	578.890806	484.986191	484.983366	
6.402186	578.980309	578.969346	485.107775	485.061906	
6.412504	579.107341	579.047886	485.234807	485.149172	
6.423303	579.233797	579.126426	485.361263	485.236439	
6.432634	579.345709	579.204966	485.473175	485.314978	
6.442793	579.467593	579.292232	485.595059	485.402245	
6.452902	579.588913	579.379498	485.716379	485.489511	
6.462972	579.709813	579.466765	485.837279	485.585504	
6.473102	579.831325	579.562758	485.958791	485.681498	
6.483274	579.953389	579.658751	486.080855	485.786217	
6.49338	580.074649	579.763471	486.202115	485.890937	
6.503513	580.196221	579.868191	486.323687	486.004384	
6.513972	580.321825	579.990364	486.449291	486.126557	
6.52466	580.450081	580.10381	486.577547	486.257456	
6.533963	580.561657	580.225983	486.689123	486.370903	
6.54405	580.682689	580.356883	486.810155	486.510529	
6.554202	580.804501	580.487783	486.931967	486.641429	
6.564353	580.926325	580.618682	487.053791	486.772328	
6.574479	581.047837	580.758309	487.175303	486.920681	
6.58456	581.168797	580.897935	487.296263	487.060308	
6.594933	581.293297	581.037561	487.420763	487.199934	
6.604992	581.413993	581.185914	487.541459	487.348287	
6.615571	581.540989	581.334267	487.668455	487.505367	
6.626513	581.672317	581.473894	487.799783	487.662446	
6.635427	581.779225	581.630973	487.906691	487.802073	
6.645604	581.901337	581.788053	488.028803	487.950426	
6.655682	582.022261	581.927679	488.149727	488.098779	
6.665768	582.143305	582.084759	488.270771	488.255858	
6.675944	582.265441	582.241838	488.392907	488.412938	
6.686059	582.386785	582.398918	488.514251	488.570018	
6.696242	582.509041	582.555998	488.636507	488.727097	
6.71416	582.724021	582.83525	488.851487	489.00635	
6.71847	582.775729	582.905064	488.903195	489.076163	
6.728985	582.901957	583.07087	489.029423	489.233243	
6.739133	583.023721	583.227949	489.151187	489.390322	
6.749264	583.145293	583.376302	489.272759	489.547402	
6.759423	583.267189	583.533382	489.394655	489.695755	
6.769718	583.390753	583.690462	489.518219	489.835381	
6.779702	583.510549	583.830088	489.638015	489.983734	
6.78978	583.631473	583.978441	489.758939	490.114634	
6.79995	583.753489	584.109341	489.880955	490.245534	
6.810078	583.875037	584.248967	490.002503	490.376433	
6.820238	583.996957	584.37114	490.124423	490.48988	
6.830415	584.119117	584.493313	490.246583	490.603326	
6.84056	584.240833	584.615486	490.368299	490.716772	
6.850729	584.362837	584.720206	490.490303	490.812766	
6.86084	584.484157	584.824926	490.611623	490.908759	
6.870931	584.605273	584.912192	490.732739	490.996025	
6.8811	584.727301	584.999459	490.854767	491.074565	
6.891239	584.848957	585.086725	490.976423	491.153105	
6.901379	584.970649	585.173992	491.098115	491.231645	
6.911503	585.092113	585.243805	491.219579	491.301458	
6.921615	585.213469	585.322345	491.340935	491.379998	
6.931839	585.336217	585.392158	491.463683	491.449811	
6.941989	585.457969	585.470698	491.585435	491.519624	
6.952092	585.579181	585.540511	491.706647	491.598164	
6.962257	585.701185	585.610324	491.828651	491.676704	
6.972665	585.827341	585.688864	491.954807	491.746517	
6.982526	585.944425	585.767404	492.071891	491.833783	
6.992638	586.065757	585.845943	492.193223	491.92105	
7.002832	586.188049	585.93321	492.315515	492.008316	
7.014036	586.322617	586.029203	492.450083	492.121763	
7.023293	586.433689	586.116469	492.561155	492.209029	
7.0336	586.557325	586.221189	492.684791	492.322475	
7.043714	586.678681	586.325909	492.806147	492.444648	
7.053783	586.799521	586.430629	492.926987	492.558095	
7.063914	586.921069	586.552802	493.048535	492.680268	
7.07421	587.044621	586.674975	493.172087	492.811168	
7.084255	587.165149	586.797148	493.292615	492.942067	
7.094308	587.285761	586.928048	493.413227	493.072967	
7.104404	587.406913	587.058947	493.534379	493.212593	
7.114554	587.528821	587.198574	493.656287	493.35222	
7.124674	587.650225	587.329473	493.777691	493.491846	
7.134936	587.773357	587.477826	493.900823	493.631472	
7.145029	587.894437	587.617453	494.021903	493.779825	
7.155293	588.017653	587.757079	494.145119	493.919452	
7.165244	588.137041	587.905432	494.264507	494.067805	
7.175644	588.261853	588.053785	494.389319	494.224884	
7.185504	588.380125	588.210865	494.507591	494.373237	
7.195639	588.501745	588.359217	494.629211	494.530317	
7.205803	588.623749	588.516297	494.751215	494.67867	
7.215886	588.744697	588.673377	494.872163	494.83575	
7.226042	588.866629	588.82173	494.994095	494.992829	
7.236339	588.990205	588.987536	495.117671	495.149909	
7.246423	589.111177	589.144616	495.238643	495.315715	
7.256475	589.231777	589.301695	495.359243	495.481521	
7.266612	589.353469	589.467502	495.480935	495.638601	
7.276918	589.477129	589.624581	495.604595	495.804407	
7.287031	589.598449	589.790387	495.725915	495.970214	
7.297367	589.722517	589.947467	495.849983	496.127293	
7.307332	589.842061	590.113273	495.969527	496.284373	
7.317477	589.963801	590.270353	496.091267	496.441452	
7.327607	590.085361	590.418706	496.212827	496.598532	
7.337811	590.207881	590.567059	496.335347	496.738158	
7.347968	590.329717	590.715412	496.457183	496.877785	
7.35809	590.451169	590.855038	496.578635	497.017411	
7.36826	590.573221	590.994665	496.700687	497.139584	
7.378329	590.694073	591.116838	496.821539	497.261757	
7.388491	590.815969	591.239011	496.943435	497.375204	
7.398609	590.937373	591.352457	497.064839	497.479923	
7.408757	591.059173	591.457177	497.186639	497.575916	
7.418892	591.180793	591.561897	497.308259	497.663183	
7.429032	591.302497	591.65789	497.429963	497.750449	
7.439202	591.424573	591.745156	497.552039	497.837716	
7.44969	591.550405	591.832423	497.677871	497.916256	
7.459479	591.667825	591.910963	497.795291	497.977342	
7.469653	591.789901	591.989502	497.917367	498.047155	
7.479727	591.910801	592.059316	498.038267	498.116969	
7.489899	592.032877	592.129129	498.160343	498.178055	
7.500069	592.154917	592.207668	498.282383	498.247868	
7.510155	592.275925	592.268755	498.403391	498.317681	
7.520294	592.397593	592.338568	498.525059	498.378768	
7.530392	592.51787	592.417108	498.645336	498.457308	
7.540632	592.639233	592.486921	498.7667	498.535848	
7.55077	592.758721	592.565461	498.886187	498.614387	
7.560884	592.877352	592.644001	499.004818	498.701654	
7.571024	592.99564	592.731267	499.123106	498.797647	
7.581163	593.113328	592.818534	499.240794	498.89364	
7.591324	593.23068	592.9058	499.358146	498.989633	
7.601448	593.346938	593.001793	499.474404	499.10308	
7.611597	593.462938	593.106513	499.590404	499.216526	
7.621803	593.578922	593.219959	499.706388	499.338699	
7.631865	593.69266	593.333406	499.820126	499.460872	
7.642094	593.807748	593.446852	499.935214	499.583045	
7.652366	593.922624	593.577752	500.05009	499.713945	
7.662368	594.033826	593.699925	500.161292	499.853571	
7.67249	594.145839	593.830825	500.273305	499.984471	
7.682788	594.259196	593.970451	500.386662	500.124097	
7.692787	594.368557	594.101351	500.496023	500.263723	
7.702909	594.478716	594.240977	500.606182	500.40335	
7.713034	594.588298	594.380603	500.715765	500.542976	
7.723138	594.697068	594.528956	500.824534	500.691329	
7.733256	594.805401	594.668583	500.932867	500.839682	
7.743527	594.914696	594.816936	501.042162	500.988035	
7.753611	595.021759	594.965289	501.149225	501.136388	
7.763732	595.127879	595.113642	501.255346	501.293468	
7.773898	595.234235	595.261995	501.361701	501.441821	
7.784185	595.341183	595.419074	501.468649	501.5989	
7.794155	595.444293	595.567427	501.571759	501.747253	
7.804344	595.549014	595.71578	501.67648	501.904333	
7.814416	595.651954	595.87286	501.77942	502.052686	
7.824513	595.754542	596.012486	501.882008	502.201039	
7.834649	595.856944	596.160839	501.984411	502.340665	
7.844908	595.95993	596.300466	502.087396	502.480292	
7.855003	596.060669	596.431365	502.188135	502.611191	
7.865147	596.161274	596.562265	502.28874	502.742091	
7.875202	596.260369	596.684438	502.387835	502.855537	
7.887647	596.382107	596.824064	502.509573	502.986437	
7.897725	596.48008	596.937511	502.607546	503.08243	
7.907841	596.577852	597.033504	502.705319	503.178423	
7.918016	596.675579	597.112044	502.803045	503.248237	
7.928124	596.772066	597.19931	502.899532	503.31805	
7.939245	596.877529	597.269123	503.004996	503.379136	
7.948526	596.964937	597.321483	503.092403	503.422769	
7.958627	597.059528	597.373843	503.186994	503.466403	
7.968722	597.153412	597.417476	503.280878	503.501309	
7.978902	597.247525	597.452383	503.374991	503.536216	
8.00064	597.444943	597.530923	503.57241	503.597302	
8.005042	597.484969	597.539649	503.612435	503.614756	
8.016599	597.589212	597.583283	503.716678	503.649662	
8.025566	597.669599	597.600736	503.797065	503.667116	
8.035995	597.762506	597.635642	503.889972	503.702022	
8.04594	597.850435	597.670549	503.977901	503.736929	
8.056083	597.939518	597.705456	504.066984	503.780562	
8.066255	598.028284	597.749089	504.15575	503.824195	
8.076417	598.116325	597.792722	504.243791	503.876555	
8.086852	598.206111	597.845082	504.333577	503.928915	
8.09668	598.290062	597.906169	504.417528	503.998728	
8.106849	598.376337	597.967255	504.503803	504.068541	
8.116921	598.461191	598.037068	504.588657	504.155808	
8.127049	598.545907	598.124335	504.673374	504.243074	
8.137191	598.630131	598.211601	504.757597	504.330341	
8.147397	598.714315	598.298868	504.841781	504.43506	
8.157677	598.798408	598.403587	504.925874	504.53978	
8.167689	598.879714	598.508307	505.00718	504.653227	
8.177829	598.961487	598.613027	505.088953	504.7754	
8.188139	599.044028	598.7352	505.171494	504.897573	
8.198104	599.123143	598.857373	505.25061	505.019746	
8.208232	599.202997	598.979546	505.330463	505.150645	
8.218348	599.28215	599.110446	505.409616	505.281545	
8.228502	599.36098	599.241345	505.488447	505.412445	
8.238636	599.439041	599.372245	505.566507	505.552071	
8.248795	599.516736	599.503145	505.644202	505.682971	
8.258998	599.594074	599.642771	505.72154	505.813871	
8.269092	599.670001	599.773671	505.797467	505.953497	
8.279267	599.745959	599.90457	505.873425	506.084397	
8.28937	599.820756	600.03547	505.948223	506.215296	
8.299561	599.895603	600.16637	506.023069	506.337469	
8.309756	599.96982	600.288543	506.097286	506.450916	
8.319818	600.042489	600.401989	506.169955	506.564362	
8.329962	600.115161	600.515436	506.242627	506.669082	
8.340063	600.186915	600.611429	506.314381	506.765075	
8.350282	600.258908	600.707422	506.386374	506.852341	
8.360416	600.329691	600.794688	506.457157	506.930881	
8.370536	600.39973	600.864502	506.527196	506.991968	
8.380655	600.46917	600.934315	506.596637	507.053054	
8.390774	600.539155	600.986675	506.666621	507.096688	
8.400976	600.606837	601.030308	506.734303	507.122867	
8.411112	600.674571	601.056488	506.802037	507.149047	
8.421239	600.741653	601.091394	506.869119	507.175227	
8.431351	600.808032	601.108848	506.935498	507.183954	
8.441459	600.873776	601.117574	507.001242	507.192681	
8.451681	600.939692	601.126301	507.067158	507.192681	
8.4619	601.004909	601.126301	507.132375	507.192681	
8.471942	601.068419	601.126301	507.195885	507.192681	
8.482102	601.132063	601.126301	507.259529	507.192681	
8.492278	601.196492	601.135028	507.323958	507.192681	
8.5024	601.257391	601.143754	507.384857	507.192681	
8.512527	601.319031	601.152481	507.446497	507.201407	
8.522639	601.379959	601.161208	507.507425	507.210134	
8.532781	601.440467	601.178661	507.567933	507.227587	
8.542867	601.500067	601.196114	507.627533	507.245041	
8.553095	601.559855	601.222294	507.687321	507.27122	
8.563268	601.618714	601.257201	507.74618	507.314854	
8.573341	601.6764	601.292107	507.803866	507.358487	
8.58349	601.733913	601.33574	507.861379	507.419573	
8.593951	601.792579	601.3881	507.920046	507.48066	
8.603764	601.84701	601.449187	507.974477	507.550473	
8.6139	601.902631	601.510273	508.030097	507.629013	
8.624005	601.957493	601.588813	508.084959	507.716279	
8.63411	602.011759	601.667353	508.139225	507.812273	
8.644309	602.065916	601.745893	508.193382	507.916992	
8.654437	602.11909	601.833159	508.246556	508.012985	
8.664584	602.171768	601.929152	508.299235	508.117705	
8.674693	602.223615	602.025146	508.351081	508.222425	
8.692804	602.314234	602.129865	508.4417	508.414411	
8.69719	602.336199	602.252038	508.463665	508.466771	
8.707356	602.386412	602.348031	508.513879	508.571491	
8.717454	602.435713	602.461478	508.563179	508.67621	
8.727637	602.484785	602.566198	508.612251	508.78093	
8.737766	602.533006	602.662191	508.660472	508.88565	
8.748941	602.585491	602.76691	508.712958	508.981643	
8.758115	602.628088	602.862904	508.755554	509.06891	
8.768193	602.674249	602.958897	508.801715	509.164903	
8.778358	602.720246	603.046163	508.847712	509.243443	
8.788501	602.765515	603.13343	508.892981	509.313256	
8.79864	602.81017	603.203243	508.937636	509.374342	
8.808793	602.854292	603.273056	508.981758	509.426702	
8.818957	602.897849	603.325416	509.025315	509.461609	
8.829077	602.94062	603.369049	509.068087	509.496515	
8.839156	602.982634	603.403956	509.110101	509.522695	
8.850202	603.027963	603.430136	509.15543	509.531422	
8.867681	603.097517	603.447589	509.224983	509.531422	
8.872073	603.115028	603.456316	509.242495	509.522695	
8.882198	603.154683	603.447589	509.282149	509.513969	
8.892529	603.195412	603.438862	509.322878	509.496515	
8.902481	603.232343	603.430136	509.359809	509.470335	
8.912635	603.270307	603.403956	509.397773	509.444155	
8.92275	603.307534	603.386502	509.435	509.426702	
8.932888	603.344252	603.360322	509.471718	509.400522	
8.942966	603.380175	603.334142	509.507641	509.383069	
8.955809	603.424902	603.316689	509.552368	509.365616	
8.963869	603.452688	603.290509	509.580155	509.356889	
8.973343	603.484764	603.281783	509.61223	509.356889	
8.983552	603.518735	603.273056	509.646201	509.356889	
8.99396	603.552744	603.273056	509.68021	509.356889	
9.003747	603.584181	603.273056	509.711647	509.374342	
9.01596	603.62247	603.281783	509.749936	509.391795	
9.024026	603.647446	603.299236	509.774912	509.426702	
9.034122	603.678099	603.325416	509.805565	509.461609	
9.044395	603.708666	603.360322	509.836132	509.505242	
9.055538	603.741086	603.403956	509.868552	509.557602	
9.064581	603.766967	603.447589	509.894433	509.609962	
9.074669	603.795212	603.499949	509.922678	509.662322	
9.084848	603.82314	603.569762	509.950606	509.723408	
9.095397	603.851419	603.630848	509.978885	509.793221	
9.105056	603.876801	603.691935	510.004267	509.863034	
9.115274	603.903044	603.761748	510.03051	509.932848	
9.125325	603.928269	603.831561	510.055735	510.002661	
9.135425	603.953048	603.910101	510.080514	510.072474	
9.145669	603.977576	603.979914	510.105042	510.142287	
9.156917	604.003749	604.058454	510.131216	510.2121	
9.165967	604.02439	604.128267	510.151856	510.281913	
9.176026	604.046724	604.189354	510.174191	510.343	
9.186151	604.068625	604.25044	510.196091	510.404086	
9.204187	604.105391	604.35516	510.232858	510.50008	
9.208552	604.114342	604.38134	510.241808	510.517533	
9.218691	604.134406	604.424973	510.261872	510.561166	
9.228838	604.153903	604.45988	510.281369	510.587346	
9.23896	604.172774	604.477333	510.30024	510.613526	
9.249079	604.191063	604.503513	510.318529	510.630979	
9.259326	604.209002	604.51224	510.336468	510.639706	
9.269447	604.226134	604.520966	510.3536	510.648433	
9.27959	604.242736	604.520966	510.370203	510.648433	
9.289719	604.258739	604.51224	510.386206	510.630979	
9.299829	604.274149	604.503513	510.401615	510.622253	
9.310031	604.289122	604.477333	510.416588	510.596073	
9.320184	604.303447	604.45988	510.430913	510.578619	
9.330295	604.31715	604.4337	510.444616	510.552439	
9.340533	604.330452	604.40752	510.457918	510.52626	
9.350549	604.342918	604.372613	510.470384	510.491353	
9.360777	604.355081	604.346433	510.482547	510.4739	
9.370994	604.366658	604.320254	510.494124	510.438993	
9.381034	604.377491	604.294074	510.504957	510.42154	
9.391186	604.387888	604.267894	510.515355	510.39536	
9.401278	604.397684	604.241714	510.525151	510.36918	
9.411466	604.407021	604.22426	510.534487	510.351727	
9.421619	604.415781	604.215534	510.543247	510.334273	
9.431733	604.423972	604.206807	510.551438	510.325547	
9.441881	604.431656	604.19808	510.559123	510.325547	
9.451985	604.438783	604.19808	510.566249	510.325547	
9.462186	604.445449	604.206807	510.572915	510.334273	
9.47252	604.451661	604.215534	510.579127	510.351727	
9.482441	604.457143	604.232987	510.584609	510.360453	
9.492612	604.462255	604.25044	510.589722	510.386633	
9.502811	604.466886	604.27662	510.594353	510.404086	
9.51283	604.470967	604.3028	510.598433	510.438993	
9.523013	604.474639	604.337707	510.602105	510.465173	
9.533106	604.477831	604.363887	510.605297	510.50008	
9.543238	604.480598	604.398793	510.608064	510.52626	
9.553319	604.482942	604.4337	510.610408	510.561166	
9.563573	604.484919	604.45988	510.612385	510.596073	
9.573731	604.486515	604.494786	510.613981	510.622253	
9.583805	604.491103	604.529693	510.61857	510.657159	
9.593891	604.491103	604.555873	510.61857	510.683339	
9.6042	604.491103	604.59078	510.61857	510.718246	
9.614177	604.491103	604.616959	510.61857	510.744426	
9.62434	604.491103	604.643139	510.61857	510.770606	
9.634436	604.491103	604.669319	510.61857	510.788059	
9.644634	604.491103	604.686773	510.61857	510.796786	
9.654923	604.491103	604.704226	510.61857	510.814239	
9.664981	604.491103	604.712953	510.61857	510.822965	
9.675133	604.491103	604.721679	510.61857	510.822965	
9.685194	604.491103	604.712953	510.61857	510.822965	
9.695287	604.491103	604.704226	510.61857	510.805512	
9.70564	604.491103	604.686773	510.61857	510.796786	
9.71593	604.491103	604.669319	510.61857	510.779332	
9.725724	604.491103	604.651866	510.61857	510.761879	
9.735821	604.491103	604.616959	510.61857	510.735699	
9.745924	604.491103	604.59078	510.61857	510.709519	
9.756082	604.491103	604.5646	510.61857	510.683339	
9.766316	604.491103	604.529693	510.61857	510.657159	
9.776538	604.491103	604.494786	510.61857	510.630979	
9.786625	604.491103	604.468606	510.61857	510.596073	
9.79678	604.491103	604.442427	510.61857	510.578619	
9.806916	604.491103	604.416247	510.61857	510.552439	
9.817051	604.491103	604.398793	510.61857	510.534986	
9.827296	604.491103	604.38134	510.61857	510.52626	
9.837348	604.491103	604.372613	510.61857	510.508806	
9.847449	604.491103	604.372613	510.61857	510.508806	
9.857623	604.491103	604.363887	510.61857	510.508806	
9.885239	604.491103	604.372613	510.61857	510.517533	
9.889799	604.491103	604.38134	510.61857	510.517533	
