4.958497	1137.43201	1137.43107	1043.51585	1043.51491	
4.968623	1137.43356	1137.43107	1043.51739	1043.51491	
4.978684	1137.4357	1137.43107	1043.51953	1043.51491	
4.988791	1137.43846	1137.43107	1043.52229	1043.51491	
4.998987	1137.44187	1137.43107	1043.52571	1043.51491	
5.009118	1137.44588	1137.43107	1043.52971	1043.51491	
5.0193	1137.45053	1137.43107	1043.53436	1043.51491	
5.029403	1137.45575	1137.43107	1043.53958	1043.51491	
5.039516	1137.46159	1137.43107	1043.54543	1043.51491	
5.049698	1137.4681	1137.43107	1043.55194	1043.51491	
5.05982	1137.47519	1137.43107	1043.55902	1043.51491	
5.070014	1137.48294	1137.43107	1043.56677	1043.51491	
5.080122	1137.49124	1137.43107	1043.57507	1043.51491	
5.090301	1137.50023	1137.43107	1043.58406	1043.51491	
5.100377	1137.50973	1137.4398	1043.59356	1043.51491	
5.110499	1137.51989	1137.4398	1043.60372	1043.52363	
5.120702	1137.53075	1137.44853	1043.61459	1043.53236	
5.130807	1137.54213	1137.45725	1043.62596	1043.53236	
5.140925	1137.55413	1137.46598	1043.63796	1043.54981	
5.151009	1137.5667	1137.48343	1043.65053	1043.55854	
5.161253	1137.58011	1137.50089	1043.66394	1043.57599	
5.171447	1137.59407	1137.51834	1043.6779	1043.59345	
5.181499	1137.6085	1137.53579	1043.69233	1043.61963	
5.191663	1137.62359	1137.55325	1043.70742	1043.63708	
5.201914	1137.63964	1137.57943	1043.72347	1043.65453	
5.211922	1137.65563	1137.59688	1043.73947	1043.67199	
5.222028	1137.67254	1137.62306	1043.75637	1043.69817	
5.232175	1137.69013	1137.64051	1043.77396	1043.72435	
5.242327	1137.70835	1137.65797	1043.79219	1043.7418	
5.252386	1137.72702	1137.67542	1043.81085	1043.76798	
5.262912	1137.74723	1137.7016	1043.83106	1043.78543	
5.272803	1137.76678	1137.71905	1043.85061	1043.81161	
5.282903	1137.78735	1137.74523	1043.87118	1043.82907	
5.292947	1137.80842	1137.76269	1043.89226	1043.84652	
5.303418	1137.83107	1137.78887	1043.91491	1043.8727	
5.313241	1137.85286	1137.80632	1043.9367	1043.89888	
5.323437	1137.87613	1137.8325	1043.95996	1043.91633	
5.333487	1137.89965	1137.84995	1043.98349	1043.94251	
5.343592	1137.92394	1137.87613	1044.00777	1043.96869	
5.353714	1137.94887	1137.90231	1044.0327	1043.98615	
5.363906	1137.9746	1137.91977	1044.05843	1044.01233	
5.381926	1138.02246	1137.95467	1044.10629	1044.05596	
5.386331	1138.03409	1137.98085	1044.11792	1044.07341	
5.396399	1138.06146	1138.00703	1044.14529	1044.09087	
5.406575	1138.08975	1138.04194	1044.17358	1044.12577	
5.416747	1138.11865	1138.06812	1044.20249	1044.15195	
5.426873	1138.14804	1138.0943	1044.23187	1044.17813	
5.436997	1138.17803	1138.12048	1044.26186	1044.20431	
5.447104	1138.20859	1138.14666	1044.29242	1044.23049	
5.457269	1138.23994	1138.18157	1044.32378	1044.2654	
5.467562	1138.27235	1138.20775	1044.35618	1044.29158	
5.477627	1138.3046	1138.24265	1044.38844	1044.32648	
5.487763	1138.33771	1138.26883	1044.42155	1044.35266	
5.497891	1138.37142	1138.30374	1044.45525	1044.38757	
5.508018	1138.40574	1138.33864	1044.48958	1044.42248	
5.518149	1138.44069	1138.37355	1044.52452	1044.45738	
5.528292	1138.4763	1138.40846	1044.56014	1044.49229	
5.538431	1138.5125	1138.44336	1044.59634	1044.5272	
5.549238	1138.55186	1138.47827	1044.63569	1044.5621	
5.558686	1138.5867	1138.51318	1044.67053	1044.59701	
5.569144	1138.626	1138.54808	1044.70984	1044.63192	
5.578931	1138.6633	1138.58299	1044.74713	1044.66682	
5.58909	1138.70266	1138.62662	1044.7865	1044.70173	
5.599351	1138.74308	1138.67026	1044.82692	1044.74536	
5.609334	1138.78297	1138.70516	1044.8668	1044.789	
5.619543	1138.8244	1138.7488	1044.90824	1044.84136	
5.629651	1138.86603	1138.79243	1044.94987	1044.88499	
5.639773	1138.90833	1138.84479	1044.99216	1044.92862	
5.64995	1138.95149	1138.88842	1045.03532	1044.98098	
5.660037	1138.99487	1138.93206	1045.0787	1045.02462	
5.670482	1139.04049	1138.98442	1045.12432	1045.07698	
5.680341	1139.08406	1139.03678	1045.16789	1045.12934	
5.690442	1139.12934	1139.08041	1045.21317	1045.17297	
5.700601	1139.1755	1139.13277	1045.25934	1045.23406	
5.710702	1139.22202	1139.18513	1045.30585	1045.27769	
5.720912	1139.26966	1139.22876	1045.3535	1045.33005	
5.731004	1139.31737	1139.28112	1045.4012	1045.38241	
5.741127	1139.36583	1139.33348	1045.44966	1045.43477	
5.751252	1139.41493	1139.38584	1045.49876	1045.48713	
5.761371	1139.46459	1139.4382	1045.54842	1045.53949	
5.771681	1139.51588	1139.49056	1045.59971	1045.59185	
5.781772	1139.56663	1139.55165	1045.65046	1045.64421	
5.791877	1139.61806	1139.60401	1045.70189	1045.69657	
5.802083	1139.67066	1139.65637	1045.7545	1045.75765	
5.812111	1139.72296	1139.70873	1045.80679	1045.80129	
5.822276	1139.77657	1139.76981	1045.8604	1045.85365	
5.832397	1139.83057	1139.82217	1045.9144	1045.90601	
5.842543	1139.88529	1139.87453	1045.96912	1045.95837	
5.852705	1139.94075	1139.92689	1046.02459	1046.01945	
5.863159	1139.99848	1139.97925	1046.08232	1046.07181	
5.873016	1140.05352	1140.04034	1046.13735	1046.1329	
5.884383	1140.11772	1140.0927	1046.20155	1046.18526	
5.893183	1140.1678	1140.15379	1046.25164	1046.23762	
5.904796	1140.23643	1140.20615	1046.32026	1046.28998	
5.913722	1140.28682	1140.26723	1046.37066	1046.35107	
5.92383	1140.34629	1140.32832	1046.43012	1046.41215	
5.934026	1140.40692	1140.38941	1046.49076	1046.47324	
5.944146	1140.46771	1140.45049	1046.55154	1046.53433	
5.954245	1140.52894	1140.51158	1046.61278	1046.59541	
5.964714	1140.59312	1140.57267	1046.67696	1046.6565	
5.974803	1140.65561	1140.63375	1046.73945	1046.70886	
5.984702	1140.71742	1140.69484	1046.80125	1046.77867	
5.99477	1140.78093	1140.76465	1046.86476	1046.83976	
6.004841	1140.84506	1140.82574	1046.9289	1046.90085	
6.01502	1140.91054	1140.89555	1046.99438	1046.97066	
6.025152	1140.97632	1140.95664	1047.06015	1047.03174	
6.035299	1141.04281	1141.02645	1047.12664	1047.09283	
6.045393	1141.10954	1141.09626	1047.19337	1047.15392	
6.063519	1141.23185	1141.20971	1047.31568	1047.27609	
6.068978	1141.26865	1141.23589	1047.35248	1047.30227	
6.078384	1141.33269	1141.3057	1047.41652	1047.38081	
6.08821	1141.40016	1141.37552	1047.48399	1047.45062	
6.09837	1141.47056	1141.44533	1047.55439	1047.52044	
6.10846	1141.54112	1141.51514	1047.62496	1047.59025	
6.118621	1141.61278	1141.58496	1047.69662	1047.66879	
6.128801	1141.68521	1141.6635	1047.76904	1047.7386	
6.138898	1141.75762	1141.73331	1047.84146	1047.81714	
6.149029	1141.8309	1141.80312	1047.91474	1047.88696	
6.159129	1141.90461	1141.88166	1047.98844	1047.95677	
6.170274	1141.98675	1141.95148	1048.07058	1048.03531	
6.179858	1142.0578	1142.03002	1048.14163	1048.11385	
6.189982	1142.13353	1142.10856	1048.21736	1048.19239	
6.200068	1142.20958	1142.17837	1048.29341	1048.27093	
6.210263	1142.28711	1142.25691	1048.37094	1048.34947	
6.220394	1142.36472	1142.33545	1048.44855	1048.42801	
6.23051	1142.44286	1142.41399	1048.52669	1048.50655	
6.240672	1142.52195	1142.49253	1048.60579	1048.59381	
6.250787	1142.60132	1142.57107	1048.68515	1048.67235	
6.260869	1142.68102	1142.64961	1048.76486	1048.75089	
6.271602	1142.76665	1142.73687	1048.85049	1048.82943	
6.281225	1142.84388	1142.81541	1048.92771	1048.90797	
6.291341	1142.92567	1142.90268	1049.0095	1048.99524	
6.301443	1143.008	1142.98122	1049.09183	1049.08251	
6.311882	1143.09453	1143.06849	1049.17837	1049.16105	
6.32173	1143.17517	1143.15575	1049.259	1049.23959	
6.331858	1143.25955	1143.24302	1049.34338	1049.32685	
6.341976	1143.34445	1143.33029	1049.42828	1049.41412	
6.352095	1143.43	1143.41755	1049.51383	1049.50139	
6.372767	1143.60802	1143.58336	1049.69185	1049.67592	
6.377171	1143.64578	1143.62699	1049.72962	1049.71955	
6.387336	1143.73388	1143.72299	1049.81771	1049.81555	
6.397449	1143.8221	1143.81025	1049.90594	1049.90281	
6.407542	1143.91079	1143.89752	1049.99462	1049.99008	
6.417737	1144.00098	1143.99351	1050.08481	1050.07734	
6.427856	1144.09111	1144.08078	1050.17494	1050.16461	
6.437986	1144.18196	1144.16804	1050.26579	1050.2606	
6.448121	1144.27347	1144.25531	1050.3573	1050.3566	
6.458251	1144.36556	1144.3513	1050.4494	1050.44386	
6.468415	1144.45861	1144.43857	1050.54244	1050.53113	
6.47856	1144.55205	1144.53456	1050.63589	1050.6184	
6.488755	1144.64659	1144.62183	1050.73042	1050.71439	
6.4988	1144.74033	1144.71782	1050.82416	1050.81038	
6.508976	1144.83593	1144.80509	1050.91976	1050.89765	
6.519055	1144.93121	1144.90108	1051.01504	1051.00237	
6.529282	1145.02857	1144.99708	1051.11241	1051.08964	
6.539423	1145.12567	1145.09307	1051.2095	1051.19436	
6.550218	1145.22986	1145.18906	1051.31369	1051.28162	
6.559647	1145.32123	1145.28506	1051.40506	1051.37761	
6.569722	1145.41954	1145.38105	1051.50337	1051.47361	
6.579905	1145.51955	1145.47704	1051.60338	1051.5696	
6.590288	1145.62219	1145.56431	1051.70602	1051.66559	
6.600388	1145.72261	1145.66903	1051.80645	1051.77031	
6.610337	1145.82214	1145.76502	1051.90597	1051.86631	
6.62044	1145.92374	1145.86974	1052.00758	1051.97103	
6.630617	1146.02679	1145.96573	1052.11062	1052.06702	
6.640782	1146.13034	1146.07045	1052.21417	1052.17174	
6.650877	1146.23376	1146.17517	1052.31759	1052.26773	
6.661005	1146.33815	1146.27117	1052.42198	1052.37245	
6.671107	1146.44289	1146.37589	1052.52672	1052.47717	
6.681339	1146.54965	1146.48061	1052.63348	1052.58189	
6.691593	1146.65725	1146.59405	1052.74108	1052.68661	
6.701604	1146.76279	1146.69877	1052.84663	1052.79133	
6.711727	1146.87024	1146.80349	1052.95407	1052.90478	
6.72201	1146.97998	1146.91694	1053.06382	1053.0095	
6.732012	1147.0873	1147.03038	1053.17113	1053.12294	
6.742117	1147.19639	1147.1351	1053.28022	1053.22766	
6.752239	1147.30624	1147.25728	1053.39007	1053.34111	
6.7624	1147.41714	1147.362	1053.50097	1053.44583	
6.772456	1147.52753	1147.47544	1053.61136	1053.55928	
6.782742	1147.64109	1147.58889	1053.72493	1053.68145	
6.792923	1147.75405	1147.71106	1053.83789	1053.7949	
6.803011	1147.86661	1147.82451	1053.95044	1053.90834	
6.813054	1147.97927	1147.93796	1054.0631	1054.02179	
6.823407	1148.0961	1148.06013	1054.17994	1054.14396	
6.83334	1148.20871	1148.17358	1054.29255	1054.25741	
6.843517	1148.32476	1148.28702	1054.40859	1054.37085	
6.853576	1148.44002	1148.40919	1054.52386	1054.49303	
6.8637	1148.55673	1148.53137	1054.64056	1054.6152	
6.87384	1148.67417	1148.65354	1054.75801	1054.73737	
6.884099	1148.79366	1148.77571	1054.87749	1054.85955	
6.894197	1148.91186	1148.89789	1054.9957	1054.98172	
6.904303	1149.03076	1149.02006	1055.1146	1055.09517	
6.914453	1149.15084	1149.14223	1055.23467	1055.21734	
6.924854	1149.27451	1149.26441	1055.35835	1055.33951	
6.934667	1149.3917	1149.38658	1055.47553	1055.46169	
6.944817	1149.51363	1149.50875	1055.59746	1055.57513	
6.954916	1149.63478	1149.63092	1055.71862	1055.70603	
6.965004	1149.75586	1149.7531	1055.8397	1055.8282	
6.975162	1149.87777	1149.87527	1055.9616	1055.94165	
6.985366	1150.00027	1149.99744	1056.0841	1056.07255	
6.995638	1150.12354	1150.11962	1056.20738	1056.19472	
7.00564	1150.24352	1150.24179	1056.32735	1056.3169	
7.015733	1150.36461	1150.36396	1056.44844	1056.43907	
7.026194	1150.49013	1150.48614	1056.57396	1056.56997	
7.036222	1150.61044	1150.60831	1056.69428	1056.69214	
7.046355	1150.73206	1150.73048	1056.8159	1056.81432	
7.056457	1150.85327	1150.85266	1056.93711	1056.92776	
7.066591	1150.97489	1150.97483	1057.05873	1057.05866	
7.076757	1151.09691	1151.097	1057.18074	1057.17211	
7.086941	1151.21913	1151.21917	1057.30296	1057.29428	
7.09713	1151.34142	1151.34135	1057.42526	1057.41645	
7.10726	1151.46297	1151.46352	1057.5468	1057.54735	
7.117367	1151.58421	1151.58569	1057.66804	1057.6608	
7.127583	1151.70681	1151.70787	1057.79064	1057.7917	
7.13769	1151.82807	1151.83004	1057.9119	1057.91387	
7.147882	1151.95039	1151.95221	1058.03422	1058.03605	
7.15793	1152.07094	1152.07439	1058.15477	1058.15822	
7.168033	1152.19221	1152.19656	1058.27604	1058.28912	
7.178265	1152.31501	1152.31873	1058.39884	1058.41129	
7.188381	1152.43642	1152.44091	1058.52026	1058.52474	
7.198537	1152.55825	1152.56308	1058.64208	1058.65564	
7.208713	1152.68038	1152.68525	1058.76422	1058.77781	
7.218767	1152.80103	1152.80742	1058.88486	1058.89126	
7.228957	1152.9233	1152.9296	1059.00713	1059.02216	
7.239065	1153.04456	1153.05177	1059.12839	1059.14433	
7.249212	1153.16633	1153.17394	1059.25017	1059.25778	
7.259359	1153.2881	1153.29612	1059.37193	1059.37995	
7.269434	1153.40901	1153.41829	1059.49284	1059.50212	
7.279632	1153.53139	1153.54046	1059.61522	1059.6243	
7.289817	1153.65363	1153.66264	1059.73746	1059.74647	
7.29997	1153.77547	1153.78481	1059.8593	1059.85991	
7.31026	1153.89893	1153.90698	1059.98277	1059.99081	
7.320359	1154.02011	1154.02915	1060.10394	1060.10426	
7.330519	1154.14202	1154.15133	1060.22585	1060.22643	
7.340659	1154.26373	1154.2735	1060.34757	1060.34861	
7.350803	1154.38543	1154.39567	1060.46926	1060.46205	
7.362364	1154.52421	1154.51785	1060.60804	1060.58423	
7.371062	1154.62853	1154.63129	1060.71237	1060.7064	
7.381151	1154.74959	1154.75347	1060.83342	1060.82857	
7.391461	1154.87335	1154.87564	1060.95718	1060.95075	
7.40162	1154.99525	1154.99781	1061.07909	1061.07292	
7.411783	1155.11726	1155.11999	1061.20109	1061.19509	
7.421859	1155.2381	1155.23343	1061.32193	1061.31726	
7.432047	1155.36043	1155.3556	1061.44426	1061.43944	
7.442214	1155.48236	1155.47778	1061.56619	1061.56161	
7.452256	1155.60289	1155.60868	1061.68672	1061.69251	
7.462378	1155.72431	1155.73085	1061.80815	1061.81468	
7.472504	1155.84584	1155.85302	1061.92967	1061.93686	
7.482626	1155.96733	1155.9752	1062.05116	1062.06776	
7.493163	1156.09384	1156.1061	1062.17768	1062.18993	
7.502904	1156.21064	1156.22827	1062.29447	1062.3121	
7.513243	1156.33474	1156.35044	1062.41858	1062.43428	
7.523179	1156.45397	1156.47262	1062.53781	1062.55645	
7.533418	1156.57687	1156.59479	1062.6607	1062.67862	
7.543437	1156.69706	1156.72569	1062.78089	1062.80952	
7.554315	1156.82764	1156.85659	1062.91148	1062.94042	
7.564401	1156.94863	1156.97876	1063.03246	1063.06259	
7.574474	1157.06948	1157.10093	1063.15331	1063.18477	
7.585987	1157.20774	1157.21438	1063.29158	1063.30694	
7.595108	1157.31716	1157.33655	1063.40099	1063.42911	
7.604901	1157.43466	1157.45873	1063.5185	1063.54256	
7.615054	1157.55652	1157.57217	1063.64036	1063.65601	
7.625123	1157.6773	1157.69435	1063.76114	1063.77818	
7.635298	1157.7994	1157.81652	1063.88324	1063.90035	
7.645403	1157.92065	1157.92997	1064.00448	1064.0138	
7.663384	1158.13642	1158.13941	1064.22026	1064.23196	
7.667816	1158.18962	1158.19176	1064.27345	1064.28432	
7.67791	1158.31073	1158.30521	1064.39457	1064.39777	
7.688631	1158.43947	1158.42738	1064.5233	1064.51994	
7.698325	1158.55582	1158.54083	1064.63966	1064.63339	
7.708347	1158.67598	1158.663	1064.75981	1064.75556	
7.718495	1158.79779	1158.77645	1064.88162	1064.87774	
7.728584	1158.91886	1158.89862	1065.00269	1064.99118	
7.738777	1159.04113	1159.0208	1065.12496	1065.11336	
7.74889	1159.16248	1159.14297	1065.24632	1065.23553	
7.759134	1159.28543	1159.26514	1065.36927	1065.3577	
7.769168	1159.40582	1159.38732	1065.48965	1065.47988	
7.779261	1159.52693	1159.50949	1065.61077	1065.59332	
7.789904	1159.65475	1159.63166	1065.73858	1065.71549	
7.799638	1159.77153	1159.75383	1065.85536	1065.84639	
7.80973	1159.8926	1159.87601	1065.97643	1065.95984	
7.819878	1160.01437	1160.00691	1066.09821	1066.08201	
7.829972	1160.13549	1160.12908	1066.21932	1066.21291	
7.840139	1160.25749	1160.25125	1066.34133	1066.33509	
7.850352	1160.38003	1160.37343	1066.46386	1066.45726	
7.860374	1160.5003	1160.50433	1066.58414	1066.57943	
7.870552	1160.62243	1160.6265	1066.70626	1066.70161	
7.880639	1160.74349	1160.74867	1066.82733	1066.82378	
7.90302	1161.01215	1161.0192	1067.09598	1067.0943	
7.907406	1161.06475	1161.07156	1067.14858	1067.15539	
7.917547	1161.18635	1161.19373	1067.27019	1067.27756	
7.927688	1161.30808	1161.3159	1067.39192	1067.39974	
7.937839	1161.42993	1161.43808	1067.51376	1067.52191	
7.94795	1161.5512	1161.56025	1067.63504	1067.64408	
7.958074	1161.67268	1161.69115	1067.75651	1067.76626	
7.968218	1161.79444	1161.81332	1067.87828	1067.88843	
7.978356	1161.9161	1161.9355	1067.99993	1068.0106	
7.988493	1162.03773	1162.04894	1068.12156	1068.13278	
7.99867	1162.15987	1162.17112	1068.2437	1068.25495	
8.00891	1162.28275	1162.28456	1068.36658	1068.37712	
8.01896	1162.40331	1162.40674	1068.48714	1068.49929	
8.029118	1162.52523	1162.52891	1068.60906	1068.62147	
8.039209	1162.64631	1162.65108	1068.73014	1068.74364	
8.049387	1162.76845	1162.77325	1068.85228	1068.86581	
8.059483	1162.88963	1162.89543	1068.97347	1068.97926	
8.069639	1163.01146	1163.0176	1069.09529	1069.10143	
8.079796	1163.13337	1163.13105	1069.2172	1069.22361	
8.089914	1163.25478	1163.25322	1069.33862	1069.34578	
8.100105	1163.37711	1163.37539	1069.46094	1069.46795	
8.110228	1163.49861	1163.49757	1069.58244	1069.59013	
8.120378	1163.62034	1163.61974	1069.70417	1069.7123	
8.130583	1163.74282	1163.74191	1069.82666	1069.83447	
8.140605	1163.86306	1163.86409	1069.9469	1069.95664	
8.150793	1163.98531	1163.98626	1070.06914	1070.07882	
8.160945	1164.10717	1164.0997	1070.191	1070.20099	
8.171061	1164.22851	1164.22188	1070.31234	1070.32316	
8.181179	1164.34994	1164.34405	1070.43377	1070.44534	
8.191284	1164.47122	1164.47495	1070.55506	1070.56751	
8.201569	1164.59467	1164.5884	1070.6785	1070.68968	
8.21953	1164.81016	1164.80656	1070.894	1070.89912	
8.22389	1164.86248	1164.85892	1070.94632	1070.95148	
8.242016	1165.08004	1164.97237	1071.16388	1071.16092	
8.246411	1165.13273	1165.12072	1071.21657	1071.21328	
8.256544	1165.25432	1165.25162	1071.33815	1071.33545	
8.266684	1165.37602	1165.36507	1071.45986	1071.45763	
8.276808	1165.49747	1165.46979	1071.58131	1071.57107	
8.286906	1165.61866	1165.57451	1071.7025	1071.69325	
8.297595	1165.74701	1165.68795	1071.83085	1071.80669	
8.307259	1165.86295	1165.8014	1071.94678	1071.92887	
8.317363	1165.98416	1165.91485	1072.06799	1072.04231	
8.327516	1166.10602	1166.03702	1072.18985	1072.16449	
8.337637	1166.22747	1166.15919	1072.3113	1072.27793	
8.347848	1166.34997	1166.28137	1072.4338	1072.40011	
8.357885	1166.47043	1166.40354	1072.55427	1072.52228	
8.368077	1166.59274	1166.52571	1072.67657	1072.64445	
8.378284	1166.71521	1166.64789	1072.79904	1072.7579	
8.388304	1166.83545	1166.77878	1072.91928	1072.88007	
8.398853	1166.96211	1166.90096	1073.04594	1073.01097	
8.408666	1167.07985	1167.03186	1073.16369	1073.13314	
8.418768	1167.20105	1167.16276	1073.28489	1073.25532	
8.428911	1167.32272	1167.29366	1073.40656	1073.37749	
8.439014	1167.44401	1167.41583	1073.52784	1073.50839	
8.449202	1167.56623	1167.54673	1073.65006	1073.63056	
8.459328	1167.68773	1167.67763	1073.77156	1073.76146	
8.469453	1167.80924	1167.7998	1073.89307	1073.88364	
8.479597	1167.93094	1167.9307	1074.01478	1074.00581	
8.489702	1168.05221	1168.0616	1074.13605	1074.13671	
8.500118	1168.17728	1168.1925	1074.26111	1074.26761	
8.510062	1168.29663	1168.31467	1074.38046	1074.38978	
8.520176	1168.41793	1168.44557	1074.50176	1074.51195	
8.530369	1168.54023	1168.56775	1074.62406	1074.64285	
8.540415	1168.66078	1168.68992	1074.74462	1074.76503	
8.551261	1168.79102	1168.81209	1074.87485	1074.8872	
8.560693	1168.90413	1168.93427	1074.98796	1075.0181	
8.570793	1169.02532	1169.05644	1075.10915	1075.14027	
8.5809	1169.1466	1169.17861	1075.23044	1075.26245	
8.591032	1169.26821	1169.30079	1075.35204	1075.38462	
8.601441	1169.39318	1169.42296	1075.47701	1075.49807	
8.611342	1169.51198	1169.54513	1075.59581	1075.62024	
8.621463	1169.63336	1169.65858	1075.71719	1075.74241	
8.631597	1169.75497	1169.78075	1075.8388	1075.85586	
8.641977	1169.87959	1169.8942	1075.96342	1075.97803	
8.651919	1169.99887	1170.01637	1076.0827	1076.09148	
8.661963	1170.11947	1170.12982	1076.2033	1076.21365	
8.672153	1170.24167	1170.25199	1076.32551	1076.33582	
8.682352	1170.36403	1170.37416	1076.44786	1076.44927	
8.692352	1170.48409	1170.48761	1076.56792	1076.57144	
8.702755	1170.60893	1170.60978	1076.69277	1076.69362	
8.71273	1170.72865	1170.73196	1076.81248	1076.81579	
8.722808	1170.84951	1170.85413	1076.93334	1076.93796	
8.732899	1170.97059	1170.9763	1077.05442	1077.06013	
8.74328	1171.09523	1171.09847	1077.17907	1077.18231	
8.753196	1171.21415	1171.22065	1077.29799	1077.29575	
8.763302	1171.33547	1171.34282	1077.41931	1077.41793	
8.773418	1171.45685	1171.46499	1077.54069	1077.54883	
8.78352	1171.57803	1171.58717	1077.66186	1077.671	
8.793698	1171.70024	1171.70934	1077.78407	1077.78445	
8.81298	1171.93166	1171.83151	1078.01549	1078.02007	
8.817368	1171.98423	1171.99732	1078.06806	1078.07243	
8.827512	1172.10595	1172.11949	1078.18978	1078.18587	
8.837647	1172.22757	1172.23294	1078.3114	1078.30805	
8.847777	1172.34915	1172.33766	1078.43298	1078.43022	
8.857897	1172.47058	1172.44238	1078.55441	1078.55239	
8.868042	1172.59231	1172.55582	1078.67614	1078.66584	
8.878189	1172.71408	1172.66927	1078.79792	1078.78801	
8.888313	1172.83558	1172.78272	1078.91942	1078.91018	
8.898454	1172.95727	1172.90489	1079.04111	1079.02363	
8.90863	1173.07939	1173.01834	1079.16322	1079.13708	
8.918777	1173.20114	1173.14051	1079.28497	1079.26798	
8.928979	1173.32355	1173.27141	1079.40738	1079.38142	
8.939033	1173.44419	1173.39358	1079.52802	1079.5036	
8.949154	1173.56566	1173.51576	1079.6495	1079.62577	
8.959319	1173.68767	1173.64666	1079.7715	1079.74794	
8.96947	1173.80944	1173.76883	1079.89328	1079.87011	
8.9796	1173.93099	1173.891	1080.01482	1079.99229	
8.989722	1174.05244	1174.01317	1080.13628	1080.12319	
8.999824	1174.17405	1174.14407	1080.25788	1080.24536	
9.010064	1174.29663	1174.27497	1080.38046	1080.36753	
9.0202	1174.41823	1174.40587	1080.50206	1080.49843	
9.030321	1174.53967	1174.53677	1080.6235	1080.62061	
9.04046	1174.66133	1174.65895	1080.74517	1080.74278	
9.050744	1174.78474	1174.79857	1080.86858	1080.87368	
9.060862	1174.90613	1174.92075	1080.98997	1080.99585	
9.071014	1175.02797	1175.05165	1081.1118	1081.12675	
9.081164	1175.14976	1175.18255	1081.23359	1081.24892	
9.091293	1175.27129	1175.30472	1081.35513	1081.37982	
9.101374	1175.39228	1175.43562	1081.47611	1081.49327	
9.111605	1175.51416	1175.55779	1081.59799	1081.62417	
9.121773	1175.63461	1175.67996	1081.71845	1081.74634	
9.131938	1175.75439	1175.81086	1081.83822	1081.86852	
9.142024	1175.87268	1175.93304	1081.95651	1081.99069	
9.152141	1175.99076	1176.05521	1082.0746	1082.11286	
9.162368	1176.10939	1176.17738	1082.19322	1082.23504	
9.172409	1176.22531	1176.29956	1082.30914	1082.35721	
9.182531	1176.34155	1176.413	1082.42538	1082.47066	
9.192722	1176.45801	1176.52645	1082.54184	1082.59283	
9.20315	1176.57647	1176.64862	1082.6603	1082.715	
9.212977	1176.68757	1176.76207	1082.7714	1082.81972	
9.223068	1176.80097	1176.87551	1082.8848	1082.94189	
9.233281	1176.91516	1176.99769	1082.99899	1083.05534	
9.243347	1177.02711	1177.10241	1083.11094	1083.16879	
9.253494	1177.13937	1177.20713	1083.2232	1083.27351	
9.263619	1177.25069	1177.32057	1083.33452	1083.38695	
9.273737	1177.36138	1177.42529	1083.44521	1083.5004	
9.283917	1177.4721	1177.53001	1083.55593	1083.60512	
9.294071	1177.58198	1177.63473	1083.66581	1083.71857	
9.304602	1177.69527	1177.74818	1083.7791	1083.83201	
9.31441	1177.80019	1177.8529	1083.88402	1083.92801	
9.32479	1177.91055	1177.95762	1083.99439	1084.03273	
9.334587	1178.01413	1178.06234	1084.09796	1084.13744	
9.345043	1178.1241	1178.16706	1084.20793	1084.24216	
9.355022	1178.22842	1178.27178	1084.31226	1084.34688	
9.366207	1178.34455	1178.3765	1084.42838	1084.44288	
9.375118	1178.43664	1178.48122	1084.52047	1084.5476	
9.385275	1178.54098	1178.58594	1084.62481	1084.66104	
9.395333	1178.64369	1178.69066	1084.72752	1084.76576	
9.41376	1178.82949	1178.88264	1084.91333	1084.94902	
9.41818	1178.87407	1178.92628	1084.9579	1084.99266	
9.428296	1178.97535	1179.031	1085.05918	1085.09738	
9.438425	1179.07617	1179.13572	1085.16	1085.2021	
9.448517	1179.17607	1179.24044	1085.25991	1085.29809	
9.458904	1179.27823	1179.34516	1085.36206	1085.41154	
9.468814	1179.37505	1179.44988	1085.45888	1085.50753	
9.478947	1179.4735	1179.54587	1085.55733	1085.61225	
9.489119	1179.57171	1179.65059	1085.65555	1085.69951	
9.499191	1179.66832	1179.73785	1085.75215	1085.80423	
9.509349	1179.76516	1179.84257	1085.84899	1085.90023	
9.51954	1179.8617	1179.93857	1085.94553	1086.00495	
9.529747	1179.95777	1180.03456	1086.04161	1086.10094	
9.539921	1180.05286	1180.13055	1086.13669	1086.19693	
9.549987	1180.14637	1180.22655	1086.23021	1086.29293	
9.560175	1180.24046	1180.31381	1086.32429	1086.38892	
9.570297	1180.33322	1180.40108	1086.41706	1086.47619	
9.580357	1180.42487	1180.49707	1086.50871	1086.56345	
9.590477	1180.51642	1180.58434	1086.60026	1086.65945	
9.60061	1180.60754	1180.67161	1086.69137	1086.74671	
9.610798	1180.6985	1180.75887	1086.78234	1086.83398	
9.621309	1180.79169	1180.84614	1086.87553	1086.92124	
9.631086	1180.87778	1180.93341	1086.96161	1087.00851	
9.641262	1180.96678	1181.02067	1087.05062	1087.09578	
9.651392	1181.05479	1181.10794	1087.13862	1087.18304	
9.661483	1181.14339	1181.1952	1087.22722	1087.27031	
9.671666	1181.22902	1181.27374	1087.31285	1087.35758	
9.681795	1181.31518	1181.36101	1087.39901	1087.44484	
9.691923	1181.4007	1181.44828	1087.48453	1087.52338	
9.70206	1181.48568	1181.52682	1087.56951	1087.61065	
9.713253	1181.57885	1181.61408	1087.66268	1087.68919	
9.730556	1181.72056	1181.69262	1087.80439	1087.84627	
9.734936	1181.75645	1181.79734	1087.84028	1087.88118	
9.745088	1181.83897	1181.88461	1087.92281	1087.95972	
9.755336	1181.92167	1181.96315	1088.0055	1088.04698	
9.765365	1182.00198	1182.03296	1088.08582	1088.12552	
9.775521	1182.08268	1182.10278	1088.16651	1088.19534	
9.785624	1182.16234	1182.17259	1088.24618	1088.2826	
9.795807	1182.24204	1182.2424	1088.32588	1088.35241	
9.805861	1182.32012	1182.32094	1088.40395	1088.43968	
9.81731	1182.40826	1182.39948	1088.4921	1088.52695	
9.826336	1182.47726	1182.47802	1088.5611	1088.59676	
9.8364	1182.5536	1182.55656	1088.63743	1088.66657	
9.846543	1182.6299	1182.6351	1088.71373	1088.75384	
9.856625	1182.70517	1182.71364	1088.789	1088.82365	
9.86705	1182.78236	1182.79218	1088.86619	1088.90219	
9.876937	1182.85495	1182.87945	1088.93879	1088.98073	
9.896777	1182.99778	1183.0278	1089.08162	1089.12036	
9.901146	1183.02926	1183.06271	1089.1131	1089.15527	
9.911245	1183.10139	1183.14125	1089.18522	1089.22508	
9.921805	1183.17613	1183.21106	1089.25996	1089.30362	
9.932019	1183.2478	1183.2896	1089.33163	1089.38216	
9.942086	1183.31782	1183.36814	1089.40166	1089.45197	
9.952208	1183.38763	1183.43795	1089.47146	1089.51306	
9.962352	1183.45702	1183.50777	1089.54085	1089.58287	
9.9725	1183.52577	1183.57758	1089.6096	1089.65269	
9.982605	1183.59363	1183.64739	1089.67747	1089.71377	
9.992742	1183.66111	1183.71721	1089.74495	1089.78358	
10.00288	1183.72796	1183.77829	1089.8118	1089.84467	
10.01328	1183.79594	1183.83938	1089.87978	1089.90576	
10.02318	1183.8601	1183.90046	1089.94393	1089.96684	
10.03335	1183.92531	1183.96155	1090.00914	1090.02793	
10.04343	1183.98939	1184.03136	1090.07322	1090.08029	
10.05354	1184.05305	1184.08372	1090.13688	1090.1501	
10.06368	1184.1163	1184.15354	1090.20014	1090.20246	
10.07384	1184.17904	1184.2059	1090.26288	1090.26355	
10.08408	1184.24164	1184.26698	1090.32548	1090.32464	
10.09416	1184.30271	1184.32807	1090.38654	1090.377	
10.10422	1184.36301	1184.38916	1090.44685	1090.44681	
10.11485	1184.42607	1184.45024	1090.50991	1090.5079	
10.12455	1184.48308	1184.51133	1090.56692	1090.56898	
10.13469	1184.54207	1184.57242	1090.6259	1090.62134	
10.1448	1184.60025	1184.62478	1090.68408	1090.6737	
10.1549	1184.65778	1184.68586	1090.74161	1090.73479	
10.16506	1184.7151	1184.73822	1090.79893	1090.79588	
10.17519	1184.77159	1184.79931	1090.85542	1090.84824	
10.18537	1184.82771	1184.85167	1090.91155	1090.9006	
10.19551	1184.88303	1184.90403	1090.96686	1090.96168	
10.20558	1184.93735	1184.95639	1091.02118	1091.02277	
10.21634	1184.99477	1185.00875	1091.0786	1091.07513	
10.22659	1185.0488	1185.06984	1091.13264	1091.13622	
10.23666	1185.1013	1185.1222	1091.18513	1091.18857	
10.24678	1185.15344	1185.17456	1091.23727	1091.24093	
10.25689	1185.20493	1185.22692	1091.28876	1091.29329	
10.26707	1185.25622	1185.288	1091.34005	1091.34565	
10.27721	1185.30664	1185.34036	1091.39047	1091.40674	
10.28734	1185.35639	1185.39272	1091.44023	1091.4591	
10.29747	1185.4056	1185.44508	1091.48944	1091.51146	
10.30757	1185.45403	1185.48871	1091.53786	1091.55509	
10.31776	1185.50227	1185.54107	1091.5861	1091.59873	
10.32794	1185.55007	1185.58471	1091.63391	1091.65109	
10.33811	1185.59682	1185.63707	1091.68065	1091.70345	
10.34823	1185.64293	1185.68943	1091.72677	1091.75581	
10.3583	1185.6882	1185.73306	1091.77204	1091.80817	
10.36981	1185.73918	1185.77669	1091.82301	1091.86053	
10.37866	1185.77795	1185.82905	1091.86178	1091.89543	
10.38878	1185.82161	1185.87269	1091.90545	1091.94779	
10.39887	1185.8646	1185.91632	1091.94843	1091.99143	
10.40901	1185.90718	1185.95995	1091.99101	1092.03506	
10.41914	1185.9491	1186.00359	1092.03294	1092.07869	
10.42933	1185.99072	1186.04722	1092.07455	1092.12233	
10.43946	1186.03143	1186.09085	1092.11526	1092.16596	
10.4496	1186.0716	1186.12576	1092.15543	1092.20959	
10.4597	1186.11097	1186.16939	1092.19481	1092.25323	
10.46987	1186.15008	1186.21303	1092.23391	1092.29686	
10.48002	1186.18847	1186.25666	1092.2723	1092.33177	
10.49015	1186.22621	1186.29157	1092.31004	1092.36667	
10.50028	1186.26331	1186.3352	1092.34714	1092.41031	
10.51037	1186.29971	1186.37011	1092.38354	1092.44521	
10.52055	1186.33581	1186.40501	1092.41964	1092.48012	
10.53074	1186.37136	1186.43992	1092.45519	1092.51503	
10.54087	1186.40607	1186.47483	1092.4899	1092.54993	
10.55097	1186.44009	1186.50973	1092.52393	1092.58484	
10.56119	1186.47391	1186.54464	1092.55774	1092.61974	
10.57123	1186.50656	1186.57082	1092.59039	1092.65465	
10.58136	1186.53888	1186.60573	1092.62272	1092.68083	
10.59149	1186.5708	1186.63191	1092.65464	1092.71574	
10.60168	1186.60193	1186.66681	1092.68576	1092.74192	
10.61181	1186.63251	1186.69299	1092.71634	1092.7681	
10.62203	1186.6627	1186.71917	1092.74654	1092.79428	
10.63219	1186.69215	1186.75408	1092.77598	1092.82046	
10.64226	1186.72071	1186.78026	1092.80454	1092.84664	
10.65236	1186.74878	1186.80644	1092.83261	1092.87282	
10.66248	1186.77633	1186.83262	1092.86016	1092.899	
10.67255	1186.80317	1186.8588	1092.887	1092.92518	
10.68461	1186.83439	1186.88498	1092.91823	1092.95136	
10.69292	1186.85556	1186.91116	1092.9394	1092.97754	
10.70297	1186.88058	1186.92861	1092.96442	1092.99499	
10.71313	1186.90527	1186.95479	1092.9891	1093.02117	
10.72341	1186.92963	1186.98097	1093.01347	1093.04735	
10.7334	1186.95275	1186.99842	1093.03659	1093.0648	
10.74355	1186.97562	1187.0246	1093.05946	1093.08226	
10.75365	1186.99781	1187.04206	1093.08165	1093.09971	
10.76381	1187.01956	1187.05951	1093.10339	1093.11716	
10.77391	1187.04058	1187.07696	1093.12441	1093.13462	
10.7841	1187.0612	1187.10314	1093.14503	1093.15207	
10.79421	1187.08108	1187.11187	1093.16491	1093.16952	
10.80436	1187.10043	1187.12932	1093.18427	1093.18698	
10.81441	1187.11904	1187.13805	1093.20287	1093.1957	
10.82486	1187.13778	1187.1555	1093.22161	1093.21316	
10.83482	1187.15508	1187.16423	1093.23891	1093.22188	
10.84485	1187.17191	1187.17296	1093.25574	1093.23934	
10.85494	1187.18828	1187.19041	1093.27211	1093.24806	
10.8651	1187.20419	1187.19041	1093.28802	1093.25679	
10.87524	1187.2195	1187.19914	1093.30333	1093.26552	
10.88536	1187.23419	1187.20786	1093.31803	1093.27424	
10.90341	1187.25821	1187.21659	1093.34204	1093.2917	
10.90779	1187.26409	1187.21659	1093.34792	1093.30042	
10.91788	1187.27692	1187.22532	1093.36076	1093.30915	
10.92922	1187.29062	1187.22532	1093.37446	1093.31788	
10.9382	1187.30108	1187.23404	1093.38491	1093.3266	
10.94833	1187.31229	1187.24277	1093.39613	1093.33533	
10.95845	1187.32294	1187.2515	1093.40677	1093.34406	
10.9686	1187.33306	1187.26022	1093.4169	1093.34406	
10.9788	1187.34267	1187.26895	1093.42651	1093.35278	
10.98886	1187.35163	1187.27768	1093.43546	1093.36151	
10.99902	1187.36012	1187.27768	1093.44396	1093.37024	
11.00918	1187.36808	1187.2864	1093.45191	1093.37896	
11.01926	1187.37544	1187.29513	1093.45927	1093.37896	
11.03045	1187.38295	1187.30386	1093.46679	1093.38769	
11.03959	1187.38871	1187.31258	1093.47254	1093.39642	
11.04973	1187.39455	1187.32131	1093.47839	1093.40514	
11.05988	1187.39989	1187.33004	1093.48372	1093.41387	
11.06996	1187.40471	1187.33004	1093.48854	1093.41387	
11.08015	1187.40908	1187.33876	1093.49292	1093.4226	
11.09028	1187.41296	1187.34749	1093.49679	1093.43132	
11.10043	1187.41638	1187.34749	1093.50021	1093.43132	
11.11058	1187.41935	1187.35622	1093.50318	1093.44005	
11.12069	1187.42189	1187.36494	1093.50572	1093.44878	
11.13178	1187.42417	1187.36494	1093.508	1093.44878	
11.141	1187.42578	1187.37367	1093.50962	1093.4575	
11.15117	1187.43107	1187.37367	1093.51491	1093.46623	
11.16132	1187.43107	1187.3824	1093.51491	1093.46623	
11.17137	1187.43107	1187.3824	1093.51491	1093.46623	
11.18158	1187.43107	1187.3824	1093.51491	1093.46623	
11.1917	1187.43107	1187.3824	1093.51491	1093.47496	
11.20185	1187.43107	1187.39112	1093.51491	1093.47496	
11.21203	1187.43107	1187.39112	1093.51491	1093.47496	
11.22209	1187.43107	1187.39112	1093.51491	1093.47496	
11.23325	1187.43107	1187.3824	1093.51491	1093.47496	
11.24247	1187.43107	1187.3824	1093.51491	1093.47496	
11.2525	1187.43107	1187.3824	1093.51491	1093.47496	
11.26269	1187.43107	1187.39112	1093.51491	1093.47496	
11.27316	1187.43107	1187.39112	1093.51491	1093.47496	
11.28295	1187.43107	1187.3824	1093.51491	1093.47496	
11.293	1187.43107	1187.3824	1093.51491	1093.47496	
11.30315	1187.43107	1187.3824	1093.51491	1093.47496	
11.3133	1187.43107	1187.39112	1093.51491	1093.47496	
11.32343	1187.43107	1187.39112	1093.51491	1093.47496	
11.33452	1187.43107	1187.3824	1093.51491	1093.47496	
11.34403	1187.43107	1187.3824	1093.51491	1093.47496	
11.36185	1187.43107	1187.39112	1093.51491	1093.47496	
11.36622	1187.43107	1187.39112	1093.51491	1093.47496	
11.37635	1187.43107	1187.39112	1093.51491	1093.47496	
11.3866	1187.43107	1187.3824	1093.51491	1093.47496	
11.39664	1187.43107	1187.3824	1093.51491	1093.47496	
11.40682	1187.43107	1187.39112	1093.51491	1093.47496	
11.41693	1187.43107	1187.39112	1093.51491	1093.47496	
11.42704	1187.43107	1187.39112	1093.51491	1093.47496	
11.43834	1187.43107	1187.3824	1093.51491	1093.47496	
11.44849	1187.43107	1187.3824	1093.51491	1093.47496	
11.45867	1187.43107	1187.39112	1093.51491	1093.47496	
11.47049	1187.43107	1187.39112	1093.51491	1093.47496	
11.48056	1187.43107	1187.39112	1093.51491	1093.47496	
11.49072	1187.43107	1187.39112	1093.51491	1093.47496	
11.50081	1187.43107	1187.39112	1093.51491	1093.47496	
11.51099	1187.43107	1187.39112	1093.51491	1093.47496	
11.52114	1187.43107	1187.39112	1093.51491	1093.47496	
11.53122	1187.43107	1187.39112	1093.51491	1093.47496	
11.54157	1187.43107	1187.39112	1093.51491	1093.47496	
11.55172	1187.43107	1187.39112	1093.51491	1093.47496	
11.56185	1187.43107	1187.39112	1093.51491	1093.47496	
11.57202	1187.43107	1187.39112	1093.51491	1093.47496	
11.58207	1187.43107	1187.39112	1093.51491	1093.47496	
11.59222	1187.43107	1187.39112	1093.51491	1093.47496	
11.60237	1187.43107	1187.39112	1093.51491	1093.47496	
11.6125	1187.43107	1187.39112	1093.51491	1093.47496	
11.62268	1187.43107	1187.39112	1093.51491	1093.47496	
11.63317	1187.43107	1187.39112	1093.51491	1093.47496	
11.64298	1187.43107	1187.39112	1093.51491	1093.47496	
11.65309	1187.43107	1187.39112	1093.51491	1093.47496	
11.66321	1187.43107	1187.39112	1093.51491	1093.47496	
11.67334	1187.43107	1187.39112	1093.51491	1093.47496	
11.68606	1187.43107	1187.39112	1093.51491	1093.47496	
11.69361	1187.43107	1187.39112	1093.51491	1093.47496	
11.70372	1187.43107	1187.39112	1093.51491	1093.47496	
11.71388	1187.43107	1187.39112	1093.51491	1093.47496	
11.73202	1187.43107	1187.39112	1093.51491	1093.47496	
11.7364	1187.43107	1187.39112	1093.51491	1093.47496	
11.74777	1187.43107	1187.39112	1093.51491	1093.47496	
11.75785	1187.43107	1187.39112	1093.51491	1093.47496	
11.76805	1187.43107	1187.39112	1093.51491	1093.47496	
11.77811	1187.43107	1187.39112	1093.51491	1093.47496	
11.78828	1187.43107	1187.39112	1093.51491	1093.47496	
11.79841	1187.43107	1187.39112	1093.51491	1093.47496	
11.80855	1187.43107	1187.39112	1093.51491	1093.47496	
11.81876	1187.43107	1187.39112	1093.51491	1093.47496	
11.8288	1187.43107	1187.39112	1093.51491	1093.47496	
11.84014	1187.43107	1187.39112	1093.51491	1093.47496	
11.8495	1187.43107	1187.39112	1093.51491	1093.47496	
11.85924	1187.43107	1187.39112	1093.51491	1093.47496	
11.86939	1187.43107	1187.39112	1093.51491	1093.47496	
11.87948	1187.43107	1187.39112	1093.51491	1093.47496	
11.90081	1187.43107	1187.39112	1093.51491	1093.47496	
11.9052	1187.43107	1187.39112	1093.51491	1093.47496	
11.91535	1187.43107	1187.39112	1093.51491	1093.47496	
11.92549	1187.43107	1187.39112	1093.51491	1093.47496	
11.93606	1187.43107	1187.39112	1093.51491	1093.47496	
11.94597	1187.43107	1187.39112	1093.51491	1093.47496	
11.95618	1187.43107	1187.39112	1093.51491	1093.47496	
11.96627	1187.43107	1187.39112	1093.51491	1093.47496	
11.97637	1187.43107	1187.39112	1093.51491	1093.47496	
11.98661	1187.43107	1187.39112	1093.51491	1093.47496	
11.99668	1187.43107	1187.39112	1093.51491	1093.47496	
12.0068	1187.43107	1187.39112	1093.51491	1093.47496	
12.01697	1187.43107	1187.39112	1093.51491	1093.47496	
12.02707	1187.43107	1187.39112	1093.51491	1093.47496	
12.03725	1187.43107	1187.39112	1093.51491	1093.47496	
12.04743	1187.43107	1187.39112	1093.51491	1093.47496	
12.05755	1187.43107	1187.39112	1093.51491	1093.47496	
12.06772	1187.43107	1187.39112	1093.51491	1093.47496	
12.0778	1187.43107	1187.39112	1093.51491	1093.47496	
12.08799	1187.43107	1187.39112	1093.51491	1093.47496	
12.09813	1187.43107	1187.39112	1093.51491	1093.47496	
12.10826	1187.43107	1187.39112	1093.51491	1093.47496	
12.11842	1187.43107	1187.39112	1093.51491	1093.47496	
12.12854	1187.43107	1187.39112	1093.51491	1093.47496	
12.13875	1187.43107	1187.39112	1093.51491	1093.47496	
12.14895	1187.43107	1187.39112	1093.51491	1093.47496	
12.15902	1187.43107	1187.39112	1093.51491	1093.47496	
12.16917	1187.43107	1187.39112	1093.51491	1093.47496	
12.17929	1187.43107	1187.39112	1093.51491	1093.47496	
12.18937	1187.43107	1187.39112	1093.51491	1093.47496	
12.19955	1187.43107	1187.39112	1093.51491	1093.47496	
12.20968	1187.43107	1187.39112	1093.51491	1093.47496	
12.21981	1187.43107	1187.39112	1093.51491	1093.47496	
12.22996	1187.43107	1187.39112	1093.51491	1093.47496	
12.24007	1187.43107	1187.39112	1093.51491	1093.47496	
12.25028	1187.43107	1187.39112	1093.51491	1093.47496	
12.26041	1187.43107	1187.39112	1093.51491	1093.47496	
12.27053	1187.43107	1187.39112	1093.51491	1093.47496	
12.28065	1187.43107	1187.39112	1093.51491	1093.47496	
12.29079	1187.43107	1187.39112	1093.51491	1093.47496	
12.30093	1187.43107	1187.39112	1093.51491	1093.47496	
12.31104	1187.43107	1187.39112	1093.51491	1093.47496	
12.32121	1187.43107	1187.39112	1093.51491	1093.47496	
12.33134	1187.43107	1187.39112	1093.51491	1093.47496	
12.34142	1187.43107	1187.39112	1093.51491	1093.47496	
12.35166	1187.43107	1187.39112	1093.51491	1093.47496	
12.36209	1187.43107	1187.39112	1093.51491	1093.47496	
12.37352	1187.43107	1187.39112	1093.51491	1093.47496	
12.3824	1187.43107	1187.39112	1093.51491	1093.47496	
12.39248	1187.43107	1187.39112	1093.51491	1093.47496	
12.40273	1187.43107	1187.39112	1093.51491	1093.47496	
12.41278	1187.43107	1187.39112	1093.51491	1093.47496	
12.42292	1187.43107	1187.39112	1093.51491	1093.47496	
12.43303	1187.43107	1187.39985	1093.51491	1093.47496	
12.44331	1187.43107	1187.39985	1093.51491	1093.47496	
12.45338	1187.43107	1187.39985	1093.51491	1093.47496	
12.46348	1187.43107	1187.40858	1093.51491	1093.47496	
12.47359	1187.43107	1187.40858	1093.51491	1093.47496	
12.4837	1187.43107	1187.4173	1093.51491	1093.47496	
12.49384	1187.43107	1187.4173	1093.51491	1093.47496	
12.50401	1187.43107	1187.4173	1093.51491	1093.47496	
12.51417	1187.43107	1187.4173	1093.51491	1093.47496	
12.52427	1187.43107	1187.4173	1093.51491	1093.47496	
12.53437	1187.43107	1187.4173	1093.51491	1093.47496	
12.54482	1187.43107	1187.40858	1093.51491	1093.47496	
12.55476	1187.43107	1187.40858	1093.51491	1093.47496	
12.5648	1187.43107	1187.39985	1093.51491	1093.47496	
12.5749	1187.43107	1187.39985	1093.51491	1093.47496	
12.58502	1187.43107	1187.39985	1093.51491	1093.47496	
12.59518	1187.43107	1187.39985	1093.51491	1093.47496	
12.60526	1187.43107	1187.40858	1093.51491	1093.47496	
12.61551	1187.43107	1187.40858	1093.51491	1093.47496	
12.62561	1187.43107	1187.39985	1093.51491	1093.47496	
12.6357	1187.43107	1187.39985	1093.51491	1093.48368	
12.64624	1187.43107	1187.40858	1093.51491	1093.48368	
12.65676	1187.43107	1187.40858	1093.51491	1093.48368	
12.66661	1187.43107	1187.39985	1093.51491	1093.48368	
12.67663	1187.43107	1187.39985	1093.51491	1093.48368	
12.6868	1187.43107	1187.40858	1093.51491	1093.48368	
12.69696	1187.43107	1187.40858	1093.51491	1093.48368	
12.70709	1187.43107	1187.39985	1093.51491	1093.48368	
12.71723	1187.43107	1187.39985	1093.51491	1093.48368	
12.72736	1187.43107	1187.39985	1093.51491	1093.48368	
12.7375	1187.43107	1187.40858	1093.51491	1093.48368	
12.74763	1187.43107	1187.40858	1093.51491	1093.49241	
12.75811	1187.43107	1187.39985	1093.51491	1093.50114	
12.76796	1187.43107	1187.39985	1093.51491	1093.50114	
12.77813	1187.43107	1187.39985	1093.51491	1093.50986	
12.78824	1187.43107	1187.40858	1093.51491	1093.50986	
12.79839	1187.43107	1187.40858	1093.51491	1093.50986	
12.80854	1187.43107	1187.40858	1093.51491	1093.50986	
12.81874	1187.43107	1187.40858	1093.51491	1093.50986	
12.8288	1187.43107	1187.40858	1093.51491	1093.50986	
12.83888	1187.43107	1187.40858	1093.51491	1093.50986	
12.84927	1187.43107	1187.40858	1093.51491	1093.50986	
12.86479	1187.43107	1187.40858	1093.51491	1093.50986	
12.87087	1187.43107	1187.40858	1093.51491	1093.50986	
