1.294445	141.35527	141.354216	47.561276	47.5602221	
1.304715	141.356887	141.354216	47.5628925	47.5602221	
1.314732	141.359056	141.354216	47.5650621	47.5602221	
1.324859	141.361869	141.362943	47.5678751	47.5602221	
1.336946	141.366176	141.362943	47.5721817	47.5602221	
1.347188	141.370397	141.362943	47.5764026	47.5602221	
1.357133	141.375077	141.362943	47.5810828	47.5602221	
1.367256	141.380466	141.362943	47.5864715	47.5602221	
1.377394	141.386476	141.371669	47.5924823	47.5602221	
1.395677	141.399779	141.371669	47.6057848	47.5602221	
1.400175	141.402984	141.371669	47.6089896	47.5602221	
1.410416	141.411084	141.371669	47.61709	47.5602221	
1.420557	141.419725	141.380396	47.6257312	47.5602221	
1.430577	141.428857	141.389123	47.6348632	47.5602221	
1.44115	141.43919	141.389123	47.6451956	47.5602221	
1.450866	141.449225	141.406576	47.6552306	47.5689488	
1.46096	141.460262	141.415303	47.6662682	47.5689488	
1.471076	141.47195	141.424029	47.6779561	47.5689488	
1.481202	141.484262	141.432756	47.6902676	47.5689488	
1.491348	141.497214	141.441483	47.7032203	47.5776754	
1.501922	141.511408	141.458936	47.7174138	47.5776754	
1.511715	141.525092	141.476389	47.7310978	47.5864021	
1.529743	141.552691	141.485116	47.7586965	47.6038553	
1.534147	141.559362	141.511296	47.7653683	47.612582	
1.54431	141.575571	141.528749	47.7815773	47.6300353	
1.554545	141.592521	141.546202	47.7985269	47.6474886	
1.56462	141.60981	141.563656	47.8158156	47.6736685	
1.574767	141.627845	141.581109	47.8338514	47.6998485	
1.584922	141.646511	141.598562	47.8525167	47.7260284	
1.595481	141.666622	141.616016	47.8726282	47.7522083	
1.605216	141.685671	141.633469	47.8916765	47.7871149	
1.61535	141.706163	141.650922	47.9121694	47.8132949	
1.625525	141.727345	141.668375	47.933351	47.8482014	
1.635688	141.74911	141.694555	47.9551157	47.8743814	
1.645784	141.771367	141.720735	47.9773731	47.909288	
1.655952	141.794381	141.738189	48.0003865	47.9441946	
1.666178	141.818168	141.764368	48.0241744	47.9703745	
1.676211	141.842106	141.790548	48.0481116	47.9965544	
1.686325	141.866837	141.816728	48.0728432	48.0227344	
1.696889	141.8934	141.842908	48.0994058	48.0489143	
1.706686	141.918535	141.869088	48.1245413	48.0663676	
1.716823	141.945194	141.895268	48.1512002	48.0925475	
1.726902	141.9723	141.921448	48.1783062	48.1187275	
1.737081	142.000302	141.947628	48.2063084	48.1449074	
1.747233	142.028859	141.982535	48.2348654	48.1710874	
1.75738	142.058011	142.008715	48.2640174	48.1885406	
1.767498	142.087687	142.043621	48.2936935	48.2147206	
1.77764	142.118061	142.069801	48.3240668	48.2409005	
1.787789	142.149073	142.104708	48.3550795	48.2670805	
1.799246	142.185161	142.130888	48.3911669	48.2932604	
1.808153	142.213201	142.165794	48.4192066	48.328167	
1.818329	142.246138	142.200701	48.4521445	48.3543469	
1.828434	142.279483	142.235607	48.4854893	48.3892535	
1.838539	142.313434	142.270514	48.5194401	48.4241601	
1.848706	142.348205	142.305421	48.5542108	48.4590667	
1.85899	142.384042	142.340327	48.5900482	48.4939733	
1.868968	142.41937	142.375234	48.6253758	48.5288799	
1.879097	142.45587	142.41014	48.6618765	48.5725131	
1.889206	142.4929	142.445047	48.6989064	48.6074197	
1.908583	142.566721	142.479953	48.7727273	48.6859595	
1.913502	142.585357	142.532313	48.7913634	48.7034128	
1.92371	142.624862	142.575947	48.8308681	48.747046	
1.933726	142.664235	142.610853	48.8702414	48.7906792	
1.943965	142.705129	142.64576	48.9111353	48.8343125	
1.954191	142.746582	142.689393	48.9525882	48.8692191	
1.964277	142.788069	142.733026	48.9940753	48.9215789	
1.974369	142.830201	142.776659	49.0362067	48.9564855	
1.984502	142.873129	142.820293	49.0791352	49.0001187	
1.9947	142.916946	142.855199	49.122952	49.043752	
2.00488	142.961311	142.907559	49.1673171	49.0961119	
2.015001	143.006036	142.942466	49.2120424	49.1484717	
2.02516	143.051527	142.994826	49.2575333	49.192105	
2.035269	143.097428	143.038459	49.3034344	49.2444648	
2.045429	143.144187	143.082092	49.3501929	49.2880981	
2.055631	143.19175	143.134452	49.3977564	49.340458	
2.065757	143.239577	143.178085	49.445583	49.3840912	
2.0759	143.288092	143.230445	49.4940981	49.4364511	
2.086008	143.337066	143.274078	49.5430722	49.4888109	
2.096202	143.387108	143.335165	49.5931142	49.5411708	
2.106432	143.437906	143.378798	49.643912	49.5935307	
2.116541	143.488732	143.439885	49.6947382	49.6546172	
2.126656	143.540197	143.492244	49.7462035	49.7069771	
2.136877	143.592832	143.544604	49.7988381	49.759337	
2.146922	143.64516	143.605691	49.8511662	49.8116969	
2.157119	143.698919	143.658051	49.9049254	49.8640567	
2.167421	143.753878	143.719137	49.9598836	49.9164166	
2.177547	143.808491	143.771497	50.0144968	49.9687765	
2.187775	143.864279	143.832584	50.0702853	50.029863	
2.197812	143.919647	143.884944	50.1256527	50.0822229	
2.208045	143.97673	143.937303	50.1827356	50.1345828	
2.218253	144.034292	143.99839	50.240298	50.1956693	
2.228278	144.091391	144.059476	50.2973973	50.2480292	
2.238447	144.149959	144.111836	50.3559648	50.300389	
2.248549	144.208757	144.164196	50.4147627	50.3614756	
2.258741	144.268693	144.225283	50.4746985	50.4225621	
2.268896	144.329058	144.286369	50.5350644	50.4836486	
2.278986	144.389599	144.338729	50.5956047	50.5447351	
2.289206	144.451593	144.408542	50.6575985	50.6058217	
2.299492	144.515681	144.460902	50.7216873	50.6669082	
2.309542	144.576772	144.530715	50.7827778	50.7279947	
2.319679	144.640095	144.591802	50.846101	50.7890812	
2.329836	144.704207	144.652888	50.9102135	50.8588944	
2.339971	144.768707	144.713975	50.9747132	50.9287076	
2.350038	144.833438	144.775061	51.0394438	50.9897941	
2.360194	144.899369	144.844875	51.1053749	51.0596073	
2.378821	145.022805	144.914688	51.2288108	51.1730537	
2.383382	145.05293	145.001954	51.258936	51.2079603	
2.393417	145.120039	145.071767	51.3260451	51.2777734	
2.404457	145.194717	145.141581	51.400723	51.3475866	
2.414365	145.262211	145.211394	51.4682175	51.4173998	
2.42427	145.330253	145.281207	51.5362588	51.4872129	
2.434435	145.400751	145.35102	51.6067566	51.5482995	
2.444505	145.471209	145.420833	51.6772152	51.6268393	
2.454684	145.543027	145.499373	51.749033	51.6879258	
2.464852	145.615401	145.569186	51.8214073	51.757739	
2.47494	145.687822	145.638999	51.8938277	51.8275521	
2.485109	145.761439	145.708813	51.9674452	51.8973653	
2.495206	145.835115	145.778626	52.0411214	51.9671785	
2.505759	145.912922	145.857166	52.1189278	52.0369916	
2.515668	145.986444	145.926979	52.1924501	52.1155315	
2.525714	146.061577	145.996792	52.2675834	52.1853446	
2.535867	146.138194	146.066605	52.3441996	52.2551578	
2.545976	146.215028	146.145145	52.4210345	52.324971	
2.556159	146.293104	146.214958	52.4991102	52.4035108	
2.566281	146.371286	146.293498	52.5772923	52.4820506	
2.576437	146.450398	146.363311	52.6564039	52.5693171	
2.586562	146.529867	146.441851	52.7358728	52.6478569	
2.596708	146.610111	146.520391	52.8161168	52.7263967	
2.607024	146.692359	146.607657	52.8983653	52.8049365	
2.617072	146.773069	146.686197	52.9790754	52.8834763	
2.627174	146.85477	146.764737	53.0607761	52.9707428	
2.637304	146.937338	146.852003	53.143344	53.0580093	
2.647412	147.020347	146.930543	53.226353	53.1365491	
2.657606	147.104713	147.01781	53.3107194	53.2150889	
2.667816	147.18983	147.105076	53.395836	53.3023554	
2.678059	147.275861	147.192342	53.4818668	53.3896218	
2.688015	147.360034	147.279609	53.5660397	53.4768883	
2.698188	147.446678	147.366875	53.6526836	53.5554281	
2.709481	147.543751	147.462869	53.7497575	53.6426946	
2.718507	147.621686	147.550135	53.8276923	53.729961	
2.728539	147.708899	147.637401	53.9149052	53.8172275	
2.738739	147.798273	147.724668	54.0042791	53.9132206	
2.748815	147.88713	147.820661	54.0931364	54.0004871	
2.75909	147.978445	147.907927	54.1844512	54.0877535	
2.769228	148.069102	148.003921	54.2751077	54.1837466	
2.779396	148.160739	148.091187	54.3667445	54.2797397	
2.789523	148.252493	148.18718	54.458499	54.3670062	
2.799838	148.346678	148.274447	54.5526843	54.4542727	
2.811015	148.449567	148.37044	54.6555728	54.5589924	
2.819953	148.532123	148.466433	54.7381287	54.6549855	
2.830355	148.628954	148.562426	54.8349598	54.7509786	
2.840556	148.72456	148.658419	54.9305656	54.8469717	
2.850996	148.823095	148.754412	55.0291013	54.9429649	
2.860708	148.91523	148.850405	55.1212364	55.0476846	
2.870904	149.012675	148.946398	55.2186806	55.1436777	
2.88127	149.112354	149.051118	55.3183605	55.2396708	
2.891146	149.207961	149.147111	55.413967	55.3443906	
2.901277	149.30658	149.243104	55.5125862	55.4491103	
2.912475	149.416416	149.347824	55.6224218	55.5451034	
2.921599	149.506315	149.443817	55.7123213	55.6410966	
2.931872	149.608187	149.548537	55.8141928	55.7458163	
2.94976	149.78799	149.64453	55.9939962	55.9290759	
2.954228	149.832795	149.766703	56.0388014	55.9727091	
2.964358	149.935268	149.871423	56.1412743	56.0774289	
2.974448	150.037916	149.976143	56.2439216	56.173422	
2.984603	150.141896	150.080862	56.3479024	56.2781417	
3.004815	150.351875	150.299029	56.5578814	56.4788546	
3.009226	150.397552	150.342662	56.6035576	56.5224878	
3.019478	150.504706	150.447382	56.7107118	56.6272076	
3.029607	150.61105	150.552101	56.817056	56.7319273	
3.039805	150.719224	150.656821	56.92523	56.8366471	
3.049906	150.826183	150.761541	57.0321888	56.9326402	
3.059997	150.934073	150.866261	57.1400788	57.03736	
3.070169	151.043365	150.979707	57.2493714	57.1508064	
3.080292	151.15282	151.084427	57.3588263	57.2642528	
3.090705	151.266103	151.189146	57.4721091	57.3689725	
3.100588	151.374072	151.293866	57.5800784	57.4736923	
3.111016	151.488768	151.398586	57.6947739	57.5871387	
3.121035	151.599601	151.512032	57.8056072	57.7005851	
3.131076	151.711105	151.616752	57.9171107	57.8140315	
3.14118	151.824023	151.721472	58.0300293	57.9274779	
3.151282	151.937509	151.834918	58.1435151	58.0409243	
3.161445	152.052416	151.948365	58.2584215	58.1543707	
3.171576	152.167439	152.061811	58.3734449	58.2678171	
3.181768	152.283791	152.166531	58.4897972	58.3899901	
3.191934	152.40057	152.279977	58.6065757	58.5034365	
3.201993	152.516596	152.40215	58.7226025	58.6256096	
3.212438	152.637861	152.524323	58.8438669	58.7477826	
3.222318	152.75315	152.63777	58.9591561	58.8699557	
3.232442	152.871754	152.759943	59.0777604	58.9834021	
3.242582	152.991222	152.882116	59.1972281	59.1055751	
3.25265	153.110447	153.004289	59.3164532	59.2277482	
3.26285	153.2319	153.117735	59.4379058	59.3411946	
3.273015	153.353519	153.248635	59.5595245	59.4633676	
3.283098	153.474812	153.370808	59.6808177	59.5855407	
3.293309	153.59738	153.501708	59.8033857	59.7077137	
3.303409	153.718556	153.623881	59.9245617	59.8298868	
3.313916	153.844652	153.75478	60.0506577	59.9520598	
3.324271	153.968948	153.88568	60.1749537	60.0742329	
3.333993	154.085504	154.007853	60.2915097	60.1964059	
3.344115	154.207004	154.138753	60.4130097	60.3185789	
3.354316	154.329404	154.260926	60.5354097	60.440752	
3.364399	154.4504	154.391826	60.6564057	60.562925	
3.374551	154.572188	154.513999	60.7781937	60.6850981	
3.384699	154.694	154.636172	60.9000057	60.8072711	
3.395046	154.818224	154.758345	61.0242297	60.9294442	
3.404946	154.936952	154.880518	61.1429577	61.0516172	
3.415075	155.058536	155.002691	61.2645417	61.1737903	
3.425567	155.1845	155.124864	61.3905057	61.2959633	
3.435439	155.30288	155.247037	61.5088857	61.4181364	
3.44554	155.42408	155.36921	61.6300857	61.5403094	
3.456106	155.550944	155.491383	61.7569497	61.6712091	
3.466309	155.673344	155.613556	61.8793497	61.7933822	
3.476353	155.79386	155.735729	61.9998657	61.9155552	
3.486523	155.915864	155.857902	62.1218697	62.0377283	
3.496653	156.037496	155.980075	62.2435017	62.168628	
3.506854	156.15998	156.093522	62.3659857	62.290801	
3.516989	156.281528	156.224421	62.4875337	62.4129741	
3.527184	156.403928	156.346594	62.6099337	62.5438737	
3.537324	156.525524	156.468767	62.7315297	62.6747734	
3.547488	156.647528	156.59094	62.8535337	62.7969465	
3.557555	156.76826	156.713114	62.9742657	62.9191195	
3.567734	156.890864	156.835287	63.0968697	63.0412926	
3.577892	157.012328	156.95746	63.2183337	63.1721923	
3.58805	157.134224	157.088359	63.3402297	63.2943653	
3.598355	157.257956	157.210532	63.4639617	63.425265	
3.608323	157.377464	157.332705	63.5834697	63.5474381	
3.618518	157.499864	157.454878	63.7058697	63.6696111	
3.628691	157.621988	157.585778	63.8279937	63.7917842	
3.638792	157.743116	157.699225	63.9491217	63.9139572	
3.648999	157.865636	157.830124	64.0716417	64.0274036	
3.659051	157.986248	157.943571	64.1922537	64.1495767	
3.66915	158.1074	158.065744	64.3134057	64.2630231	
3.679362	158.229992	158.187917	64.4359977	64.3851961	
3.689497	158.351636	158.31009	64.5576417	64.4986425	
3.699665	158.47364	158.423536	64.6796457	64.6120889	
3.709772	158.594888	158.545709	64.8008937	64.734262	
3.71986	158.71598	158.659156	64.9219857	64.8477084	
3.731427	158.85482	158.790055	65.0608257	64.9786081	
3.741485	158.975432	158.912228	65.1814377	65.1007811	
3.751613	159.09698	159.016948	65.3029857	65.2142275	
3.761792	159.219152	159.139121	65.4251577	65.3276739	
3.77242	159.346712	159.252568	65.5527177	65.4585736	
3.782035	159.462032	159.366014	65.6680377	65.57202	
3.792144	159.583388	159.488187	65.7893937	65.6854664	
3.802365	159.706076	159.61036	65.9120817	65.8076394	
3.812392	159.826352	159.723806	66.0323577	65.9298125	
3.823972	159.965408	159.84598	66.1714137	66.0519855	
3.833111	160.07504	159.968153	66.2810457	66.1741586	
3.843144	160.195388	160.090326	66.4013937	66.2963316	
3.861184	160.411868	160.308492	66.6178737	66.5144978	
3.865595	160.464776	160.369578	66.6707817	66.5668577	
3.875824	160.587524	160.491751	66.7935297	66.6977574	
3.885902	160.708484	160.622651	66.9144897	66.8199304	
3.896062	160.830368	160.744824	67.0363737	66.9421035	
3.90622	160.952312	160.875724	67.1583177	67.0730032	
3.916318	161.073428	161.006623	67.2794337	67.1951762	
3.927024	161.202044	161.128797	67.4080497	67.3260759	
3.936694	161.317988	161.259696	67.5239937	67.4482489	
3.946851	161.43986	161.381869	67.6458657	67.570422	
3.956937	161.560868	161.512769	67.7668737	67.7013217	
3.967053	161.68226	161.634942	67.8882657	67.8234947	
3.97721	161.804168	161.765842	68.0101737	67.9456678	
3.987353	161.92586	161.888015	68.1318657	68.0678408	
3.997477	162.047384	162.010188	68.2533897	68.1900139	
4.007786	162.17156	162.132361	68.3775657	68.3121869	
4.017748	162.290576	162.254534	68.4965817	68.43436	
4.028359	162.418016	162.376707	68.6240217	68.5652597	
4.038063	162.53444	162.49888	68.7404457	68.6787061	
4.048254	162.65672	162.621053	68.8627257	68.8008791	
4.058453	162.77906	162.743226	68.9850657	68.9317788	
4.068472	162.899276	162.856673	69.1052817	69.0452252	
4.078658	163.02158	162.978846	69.2275857	69.1673983	
4.088796	163.1432	163.101019	69.3492057	69.2895713	
4.098968	163.265264	163.214465	69.4712697	69.4117444	
4.109163	163.387724	163.336638	69.5937297	69.5339174	
4.119248	163.547084	163.450084	69.7530897	69.6560904	
4.129663	163.6337	163.572257	69.8397057	69.7782635	
4.139581	163.75262	163.694431	69.9586257	69.9004365	
4.14969	163.873928	163.816604	70.0799337	70.0226096	
4.159894	163.996364	163.938777	70.2023697	70.1447826	
4.16997	164.1173	164.06095	70.3233057	70.2669557	
4.18018	164.239808	164.183123	70.4458137	70.3804021	
4.190301	164.361272	164.305296	70.5672777	70.5025751	
4.200489	164.483516	164.427469	70.6895217	70.6247482	
4.210592	164.604728	164.549642	70.8107337	70.7381946	
4.221075	164.73056	164.671815	70.9365657	70.8603676	
4.240294	164.961284	164.907434	71.1672897	71.0959871	
4.244794	165.015128	164.959794	71.2211337	71.148347	
4.254937	165.13688	165.081967	71.3428857	71.27052	
4.265106	165.258884	165.195414	71.4648897	71.3926931	
4.275237	165.380468	165.317587	71.5864737	71.5148661	
4.285358	165.501908	165.43976	71.7079137	71.6370391	
4.295489	165.623456	165.561933	71.8294617	71.7592122	
4.305739	165.746504	165.684106	71.9525097	71.8813852	
4.315919	165.868676	165.806279	72.0746817	71.9948316	
4.325994	165.989552	165.919725	72.1955577	72.1170047	
4.336278	166.113068	166.041898	72.3190737	72.2391777	
4.346459	166.235156	166.164071	72.4411617	72.3613508	
4.356475	166.3553	166.277518	72.5613057	72.4660705	
4.366587	166.476644	166.399691	72.6826497	72.5882436	
4.37677	166.5989	166.521864	72.8049057	72.7104166	
4.386936	166.720856	166.644037	72.9268617	72.8325897	
4.397053	166.84226	166.76621	73.0482657	72.9547627	
4.407183	166.963808	166.879656	73.1698137	73.0769358	
4.417554	167.088308	167.001829	73.2943137	73.1991088	
4.427484	167.207444	167.124003	73.4134497	73.3212819	
4.437894	167.332424	167.246176	73.5384297	73.4434549	
4.44784	167.452124	167.377075	73.6581297	73.565628	
4.457984	167.57342	167.499248	73.7794257	73.6790744	
4.468137	167.695244	167.621421	73.9012497	73.8099741	
4.478246	167.81654	167.743594	74.0225457	73.9321471	
4.488428	167.938784	167.874494	74.1447897	74.0543202	
4.498641	168.061304	167.996667	74.2673097	74.1764932	
4.508701	168.182012	168.127567	74.3880177	74.3073929	
4.518843	168.30374	168.24974	74.5097457	74.4382926	
4.529012	168.425768	168.371913	74.6317737	74.5604656	
4.53921	168.548204	168.502813	74.7542097	74.6913653	
4.549388	168.670292	168.624986	74.8762977	74.822265	
4.559474	168.791348	168.755885	74.9973537	74.9444381	
4.569631	168.913184	168.878058	75.1191897	75.0666111	
4.579816	169.035452	169.000231	75.2414577	75.1975108	
4.590026	169.15796	169.122405	75.3639657	75.3196839	
4.60007	169.2785	169.244578	75.4845057	75.4418569	
4.610184	169.399856	169.375477	75.6058617	75.5727566	
4.620281	169.52102	169.488924	75.7270257	75.6949297	
4.630932	169.648832	169.619823	75.8548377	75.8083761	
4.640698	169.766108	169.73327	75.9721137	75.9305491	
4.650821	169.887488	169.855443	76.0934937	76.0527222	
4.660889	170.008268	169.977616	76.2142737	76.1661686	
4.671	170.129612	170.099789	76.3356177	76.2883416	
4.681277	170.252984	170.221962	76.4589897	76.4105147	
4.691299	170.3732	170.335408	76.5792057	76.5239611	
4.701422	170.494664	170.457581	76.7006697	76.6374075	
4.711562	170.616356	170.571028	76.8223617	76.7508539	
4.721679	170.737784	170.684474	76.9437897	76.8730269	
4.732356	170.866004	170.806647	77.0720097	76.9952	
4.742048	170.982248	170.920094	77.1882537	77.1086464	
4.752211	171.104192	171.042267	77.3101977	77.2308194	
4.762283	171.22502	171.16444	77.4310257	77.3442658	
4.772399	171.346424	171.277886	77.5524297	77.4577122	
4.782726	171.470384	171.400059	77.6763897	77.5798853	
4.792654	171.589496	171.513506	77.7955017	77.7020583	
4.802888	171.712292	171.635679	77.9182977	77.8242313	
4.812926	171.832748	171.757852	78.0387537	77.9464044	
4.823063	171.95438	171.880025	78.1603857	78.0685774	
4.84434	172.209848	172.141824	78.4158537	78.3303768	
4.848789	172.263116	172.194184	78.4691217	78.3827367	
4.858919	172.384676	172.316357	78.5906817	78.5049098	
4.869031	172.505984	172.43853	78.7119897	78.6270828	
4.879172	172.627712	172.560703	78.8337177	78.7492558	
4.889455	172.751108	172.682876	78.9571137	78.8714289	
4.899551	172.872236	172.805049	79.0782417	78.9936019	
4.909665	172.993604	172.927222	79.1996097	79.115775	
4.919803	173.11526	173.049395	79.3212657	79.237948	
4.929932	173.236868	173.171568	79.4428737	79.3601211	
4.941394	173.374376	173.311195	79.5803817	79.4997474	
4.951541	173.496152	173.433368	79.7021577	79.6219205	
4.961655	173.617496	173.555541	79.8235017	79.7440935	
4.971839	173.739728	173.677714	79.9457337	79.8662666	
4.982396	173.866448	173.799887	80.0724537	79.9884396	
5.003596	174.120848	173.92206	80.3268537	80.250239	
5.008092	174.174692	174.114046	80.3806977	80.3025989	
5.018189	174.295868	174.236219	80.5018737	80.4160453	
5.028318	174.41744	174.358392	80.6234457	80.5382183	
5.039708	174.554216	174.480565	80.7602217	80.6603914	
5.048696	174.662024	174.611465	80.8680297	80.7825644	
5.058836	174.783644	174.733638	80.9896497	80.9047375	
5.068938	174.904868	174.864538	81.1108737	81.0356372	
5.079003	175.025672	174.986711	81.2316777	81.1578102	
5.089444	175.15094	175.108884	81.3569457	81.2799833	
5.099543	175.272152	175.239784	81.4781577	81.4021563	
5.10965	175.393448	175.361957	81.5994537	81.533056	
5.119811	175.515344	175.48413	81.7213497	81.6552291	
5.129995	175.637624	175.606303	81.8436297	81.7861287	
5.141364	175.774064	175.737202	81.9800697	81.9083018	
5.150387	175.882328	175.859375	82.0883337	82.0304748	
5.160476	176.003336	175.981548	82.2093417	82.1613745	
5.170655	176.125484	176.103722	82.3314897	82.2922742	
5.180706	176.246096	176.225895	82.4521017	82.4144473	
5.191081	176.370716	176.348068	82.5767217	82.5366203	
5.200965	176.489192	176.470241	82.6951977	82.6587934	
5.211078	176.61056	176.583687	82.8165657	82.7809664	
5.221196	176.732	176.70586	82.9380057	82.9031395	
5.231333	176.853608	176.819307	83.0596137	83.0165859	
5.24267	176.989772	176.94148	83.1957777	83.1387589	
5.251661	177.097556	177.054926	83.3035617	83.2522053	
5.261853	177.219848	177.168372	83.4258537	83.3656517	
5.272015	177.341804	177.290545	83.5478097	83.4878248	
5.282055	177.462308	177.412718	83.6683137	83.6012712	
5.292534	177.588332	177.526165	83.7943377	83.7234442	
5.30237	177.706112	177.639611	83.9121177	83.8368906	
5.312681	177.829856	177.761784	84.0358617	83.950337	
5.322725	177.950312	177.875231	84.1563177	84.0725101	
5.332735	178.070444	177.988677	84.2764497	84.1859565	
5.344052	178.206776	178.11085	84.4127817	84.3081295	
5.353431	178.318868	178.233023	84.5248737	84.4303026	
5.36324	178.436504	178.355196	84.6425097	84.543749	
5.381335	178.653668	178.564636	84.8596737	84.7619151	
5.385748	178.7066	178.616996	84.9126057	84.814275	
5.395959	178.829144	178.739169	85.0351497	84.936448	
5.40606	178.95038	178.870068	85.1563857	85.0586211	
5.416167	179.071628	178.992241	85.2776337	85.1807941	
5.426347	179.193788	179.114414	85.3997937	85.3029672	
5.436432	179.31482	179.245314	85.5208257	85.4251402	
5.448019	179.452765	179.367487	85.6587714	85.5734932	
5.456805	179.556884	179.48966	85.7628899	85.678213	
5.466993	179.676839	179.611833	85.8828445	85.800386	
5.477022	179.794463	179.742733	86.0004694	85.9225591	
5.487155	179.912668	179.873633	86.1186735	86.0534588	
5.497397	180.031559	179.995806	86.237565	86.1756318	
5.507492	180.148071	180.117979	86.3540767	86.2978049	
5.517627	180.264463	180.240152	86.4704694	86.4199779	
5.527753	180.380174	180.362325	86.5861802	86.542151	
5.537892	180.495362	180.484498	86.7013679	86.6555974	
5.549411	180.625502	180.615398	86.8315082	86.7952237	
5.558249	180.724798	180.720117	86.9308045	86.8999435	
5.568383	180.838128	180.833564	87.0441336	87.0221165	
5.578589	180.951637	180.955737	87.1576428	87.1355629	
5.588622	181.062571	181.060457	87.268577	87.2490093	
5.59884	181.174998	181.18263	87.3810045	87.3711824	
5.608958	181.285684	181.287349	87.4916904	87.4759021	
5.619046	181.39536	181.392069	87.6013655	87.5893485	
5.629216	181.505414	181.505516	87.7114202	87.7027949	
5.639675	181.618721	181.610235	87.8247269	87.8075147	
5.650798	181.736755	181.732408	87.9427614	87.9296877	
5.660872	181.843784	181.828401	88.0497903	88.0344075	
5.671005	181.950868	181.933121	88.1568736	88.1391272	
5.68115	182.057463	182.037841	88.2634687	88.243847	
5.691285	182.16336	182.142561	88.3693664	88.3485667	
5.701414	182.268531	182.24728	88.4745372	88.4532865	
5.711535	182.373059	182.352	88.5790651	88.5580062	
5.721641	182.476802	182.45672	88.6828082	88.6539994	
5.731856	182.581048	182.56144	88.7870541	88.7499925	
5.742414	182.688128	182.66616	88.8941337	88.8634389	
5.752271	182.787569	182.770879	88.9935754	88.959432	
5.762337	182.888398	182.875599	89.0944037	89.0641517	
5.772471	182.989352	182.980319	89.1953585	89.1601448	
5.782556	183.089165	183.085039	89.2951706	89.2561379	
5.792714	183.18918	183.181032	89.3951856	89.3608577	
5.802907	183.288859	183.277025	89.4948654	89.4568508	
5.812958	183.386542	183.381745	89.5925483	89.5528439	
5.823128	183.484781	183.477738	89.6907867	89.648837	
5.835507	183.603447	183.573731	89.8094527	89.7448301	
5.852547	183.764706	183.748264	89.9707124	89.9368164	
5.857291	183.809585	183.800624	90.0155908	89.9804496	
5.867128	183.902016	183.896617	90.108022	90.0764427	
5.877294	183.996941	183.99261	90.2029468	90.1724358	
5.887396	184.090625	184.079876	90.2966307	90.2684289	
5.897606	184.184768	184.175869	90.3907742	90.3556954	
5.907727	184.27741	184.263136	90.4834163	90.4516885	
5.917875	184.369712	184.350402	90.5757182	90.5476816	
5.92805	184.461615	184.437669	90.6676207	90.6349481	
5.93812	184.551986	184.524935	90.7579916	90.7309412	
5.948298	184.642723	184.620928	90.8487286	90.8182076	
5.958561	184.733622	184.708195	90.9396279	90.8967474	
5.968656	184.822301	184.786735	91.0283066	90.9927406	
5.978781	184.910702	184.874001	91.1167077	91.0712804	
5.988921	184.998638	184.961267	91.2046441	91.1585468	
5.999023	185.085621	185.048534	91.2916271	91.2458133	
6.009325	185.173714	185.127074	91.3797196	91.3330798	
6.019406	185.259293	185.21434	91.4652987	91.4203462	
6.02951	185.344475	185.301607	91.5504813	91.5076127	
6.039631	185.429174	185.388873	91.63518	91.5861525	
6.049826	185.513896	185.47614	91.7199019	91.673419	
6.060318	185.600445	185.563406	91.8064509	91.7606854	
6.070093	185.680437	185.650673	91.8864426	91.8392252	
6.080236	185.76286	185.737939	91.9688655	91.9264917	
6.090331	185.844319	185.825205	92.0503254	92.0137582	
6.100956	185.929374	185.912472	92.1353804	92.092298	
6.110656	186.006454	185.999738	92.21246	92.1795644	
6.121069	186.088565	186.087005	92.2945707	92.2581043	
6.130937	186.165777	186.174271	92.3717826	92.3453707	
6.140998	186.243892	186.252811	92.4498977	92.4326372	
6.151195	186.322487	186.340078	92.5284925	92.511177	
6.161574	186.401867	186.418617	92.6078734	92.5897168	
6.171503	186.477123	186.497157	92.6831289	92.6769833	
6.181612	186.553184	186.575697	92.7591898	92.7555231	
6.191803	186.62925	186.654237	92.8352555	92.8340629	
6.20632	186.736238	186.732777	92.9422438	92.9475093	
6.212046	186.778312	186.80259	92.9843184	92.9911425	
6.222259	186.852686	186.872403	93.058692	93.0609557	
6.232263	186.924942	186.950943	93.1309482	93.1394955	
6.242385	186.997467	187.020756	93.2034733	93.2180353	
6.252698	187.070737	187.090569	93.2767429	93.2878485	
6.262796	187.141873	187.160382	93.3478792	93.3576617	
6.272856	187.212066	187.230196	93.418072	93.4274749	
6.283008	187.282342	187.300009	93.4883483	93.497288	
6.293091	187.351533	187.361095	93.5575388	93.5671012	
6.31168	187.476631	187.483268	93.6826371	93.6892742	
6.316231	187.50726	187.509448	93.7132656	93.7154542	
6.326295	187.574378	187.579261	93.7803836	93.7765407	
6.338363	187.653898	187.657801	93.8599044	93.8463539	
6.34844	187.719714	187.718888	93.92572	93.916167	
6.359123	187.788865	187.779974	93.9948706	93.9859802	
6.368757	187.850645	187.849787	94.0566508	94.0383401	
6.378969	187.915517	187.910874	94.121523	94.1081533	
6.389121	187.979399	187.97196	94.1854053	94.1605131	
6.399218	188.042333	188.033047	94.2483394	94.2303263	
6.40944	188.105455	188.094133	94.3114606	94.2826862	
6.419507	188.166987	188.15522	94.372993	94.3524994	
6.429676	188.22854	188.216307	94.4345459	94.4135859	
6.43982	188.289327	188.277393	94.4953332	94.4746724	
6.449898	188.349144	188.33848	94.5551495	94.5270323	
6.460533	188.411572	188.390839	94.6175779	94.5881188	
6.470258	188.468092	188.451926	94.6740977	94.6492053	
6.480329	188.526036	188.513013	94.7320422	94.7015652	
6.4905	188.583947	188.574099	94.789953	94.7626517	
6.500949	188.642775	188.635186	94.8487814	94.8237383	
6.510742	188.697357	188.687545	94.9033629	94.8848248	
6.520884	188.753282	188.748632	94.9592882	94.9459113	
6.531047	188.808718	188.800992	95.0147238	94.9982712	
6.541196	188.863448	188.862078	95.0694537	95.0593577	
6.551279	188.91725	188.914438	95.1232558	95.1117176	
6.561924	188.973389	188.966798	95.1793948	95.1728041	
6.571616	189.023885	189.019158	95.2298913	95.225164	
6.581766	189.076191	189.071518	95.2821968	95.2775239	
6.591998	189.128324	189.123878	95.3343301	95.3298837	
6.602465	189.181001	189.176238	95.3870069	95.3909703	
6.612132	189.229075	189.228598	95.4350813	95.4346035	
6.622277	189.278952	189.280957	95.4849581	95.4869634	
6.632392	189.328065	189.333317	95.534071	95.5393233	
6.642487	189.376491	189.385677	95.5824966	95.5829565	
6.652713	189.424943	189.438037	95.6309495	95.6353164	
6.6633	189.474421	189.48167	95.6804266	95.6789496	
6.681264	189.556064	189.568937	95.7620704	95.7662161	
6.685751	189.576491	189.58639	95.7824968	95.7836693	
6.695846	189.621734	189.630023	95.82774	95.8273026	
6.706034	189.666803	189.682383	95.8728093	95.8709358	
6.724087	189.744311	189.752196	95.950317	95.940749	
6.728487	189.763256	189.76965	95.9692621	95.9582023	
6.738744	189.806655	189.822009	96.0126605	96.0105622	
6.748757	189.848436	189.856916	96.0544418	96.0454687	
6.758935	189.890293	189.900549	96.0962993	96.0978286	
6.769141	189.931655	189.944182	96.1376608	96.1327352	
6.779333	189.972352	189.979089	96.1783575	96.1763684	
6.789425	190.012033	190.013996	96.2180387	96.2200017	
6.799512	190.051122	190.057629	96.2571283	96.2549082	
6.809785	190.090313	190.101262	96.2963195	96.2898148	
6.819809	190.127971	190.136169	96.333977	96.3247214	
6.829965	190.165511	190.171075	96.3715166	96.3683546	
6.841211	190.206319	190.214709	96.4123255	96.4119879	
6.850544	190.2397	190.240888	96.4457065	96.4381678	
6.86098	190.276402	190.275795	96.4824081	96.4818011	
6.870917	190.310778	190.310702	96.5167839	96.5167076	
6.880952	190.344866	190.345608	96.5508723	96.5516142	
6.891074	190.378675	190.380515	96.5846811	96.5865208	
6.901181	190.41184	190.406695	96.6178459	96.6214274	
6.911323	190.444539	190.441601	96.6505453	96.6476073	
6.921507	190.476745	190.467781	96.682751	96.6825139	
6.931599	190.508083	190.502688	96.7140892	96.7086939	
6.941783	190.539094	190.537594	96.7450996	96.7436004	
6.951918	190.569367	190.563774	96.7753726	96.7697804	
6.962438	190.600148	190.598681	96.806154	96.7959603	
6.980242	190.65003	190.651041	96.8560363	96.8483202	
6.984703	190.662551	190.659767	96.8685571	96.8570468	
7.004818	190.715911	190.720854	96.9219172	96.9094067	
7.009497	190.728864	190.729581	96.9348698	96.9181334	
7.019463	190.7543	190.764487	96.9603058	96.9443133	
7.029594	190.780005	190.781941	96.9860109	96.9704932	
7.039727	190.80515	190.816847	97.0111563	96.9966732	
7.049866	190.829714	190.8343	97.0357197	97.0141265	
7.05995	190.853563	190.86048	97.0595692	97.0403064	
7.070196	190.877184	190.88666	97.0831897	97.0577597	
7.080432	190.900188	190.91284	97.1061937	97.075213	
7.090498	190.922241	190.930294	97.1282467	97.0926663	
7.10067	190.943925	190.956473	97.149931	97.1101196	
7.111127	190.965599	190.973927	97.1716047	97.1362995	
7.120891	190.985293	190.99138	97.1912988	97.1537528	
7.131062	191.005226	191.008833	97.2112319	97.1712061	
7.141143	191.024404	191.026287	97.2304104	97.1886594	
7.151272	191.043097	191.035013	97.2491029	97.2061127	
7.161445	191.061294	191.052467	97.2673002	97.223566	
7.171616	191.078895	191.061193	97.2849015	97.2410193	
7.181827	191.095981	191.078647	97.301987	97.2497459	
7.191927	191.112308	191.087373	97.3183139	97.2671992	
7.202033	191.128081	191.0961	97.3340873	97.2846525	
7.212593	191.143934	191.113553	97.3499395	97.2933792	
7.222307	191.157997	191.12228	97.3640027	97.3108324	
7.232458	191.172118	191.131006	97.3781242	97.3195591	
7.242583	191.185642	191.14846	97.3916479	97.3370124	
7.252683	191.198566	191.157186	97.4045724	97.345739	
7.262881	191.211053	191.165913	97.4170586	97.3544657	
7.27306	191.222941	191.17464	97.428947	97.3631923	
7.291267	191.242008	191.192093	97.4480135	97.3806456	
7.295703	191.246711	191.20082	97.4527166	97.3806456	
7.305827	191.256754	191.209546	97.4627595	97.3893723	
7.316003	191.266293	191.218273	97.472299	97.3980989	
7.326115	191.275234	191.226999	97.4812402	97.4068256	
7.336316	191.28371	191.235726	97.4897158	97.4155522	
7.34644	191.291588	191.235726	97.4975935	97.4242788	
7.356534	191.298923	191.244453	97.5049289	97.4242788	
7.366677	191.305766	191.253179	97.5117716	97.4330055	
7.376921	191.312146	191.261906	97.5181522	97.4417321	
7.387115	191.317978	191.261906	97.5239838	97.4417321	
7.397182	191.323245	191.270633	97.5292509	97.4504588	
7.407278	191.328038	191.270633	97.5340442	97.4591854	
7.41747	191.332384	191.270633	97.5383895	97.4591854	
7.427578	191.336225	191.270633	97.5422312	97.4591854	
7.437714	191.339619	191.270633	97.5456246	97.4591854	
7.447867	191.342574	191.270633	97.5485796	97.4591854	
7.458006	191.345099	191.270633	97.5511048	97.4591854	
7.468224	191.347235	191.270633	97.553241	97.4591854	
7.478351	191.34898	191.270633	97.5549855	97.4591854	
7.48852	191.354216	191.270633	97.5602221	97.4591854	
7.49869	191.354216	191.270633	97.5602221	97.4591854	
7.508769	191.354216	191.270633	97.5602221	97.4591854	
7.518879	191.354216	191.270633	97.5602221	97.4591854	
7.529039	191.354216	191.270633	97.5602221	97.4591854	
7.539235	191.354216	191.270633	97.5602221	97.4591854	
7.549342	191.354216	191.270633	97.5602221	97.4591854	
7.559464	191.354216	191.270633	97.5602221	97.4591854	
7.569789	191.354216	191.270633	97.5602221	97.4591854	
7.579849	191.354216	191.270633	97.5602221	97.4591854	
7.589953	191.354216	191.270633	97.5602221	97.4591854	
7.600137	191.354216	191.270633	97.5602221	97.4591854	
7.610231	191.354216	191.270633	97.5602221	97.4591854	
7.628417	191.354216	191.270633	97.5602221	97.4591854	
7.632881	191.354216	191.270633	97.5602221	97.4591854	
7.643064	191.354216	191.270633	97.5602221	97.4591854	
7.65315	191.354216	191.270633	97.5602221	97.4591854	
7.663324	191.354216	191.270633	97.5602221	97.4591854	
7.675123	191.354216	191.270633	97.5602221	97.4591854	
7.684001	191.354216	191.270633	97.5602221	97.4591854	
7.694284	191.354216	191.270633	97.5602221	97.4591854	
7.704297	191.354216	191.270633	97.5602221	97.4591854	
7.714387	191.354216	191.270633	97.5602221	97.4591854	
7.724511	191.354216	191.270633	97.5602221	97.4591854	
7.734688	191.354216	191.270633	97.5602221	97.4591854	
7.744824	191.354216	191.270633	97.5602221	97.4591854	
7.755088	191.354216	191.270633	97.5602221	97.4591854	
7.765093	191.354216	191.270633	97.5602221	97.4591854	
7.776415	191.354216	191.270633	97.5602221	97.4591854	
7.785595	191.354216	191.270633	97.5602221	97.4591854	
7.795544	191.354216	191.270633	97.5602221	97.4591854	
7.805728	191.354216	191.270633	97.5602221	97.4591854	
7.81582	191.354216	191.270633	97.5602221	97.4591854	
7.825996	191.354216	191.270633	97.5602221	97.4591854	
7.836127	191.354216	191.270633	97.5602221	97.4591854	
7.846304	191.354216	191.270633	97.5602221	97.4591854	
7.856419	191.354216	191.270633	97.5602221	97.4591854	
7.866535	191.354216	191.270633	97.5602221	97.4591854	
7.877755	191.354216	191.270633	97.5602221	97.4591854	
7.88684	191.354216	191.270633	97.5602221	97.4591854	
7.896973	191.354216	191.270633	97.5602221	97.4591854	
7.90718	191.354216	191.270633	97.5602221	97.4591854	
7.917221	191.354216	191.270633	97.5602221	97.4591854	
7.92739	191.354216	191.270633	97.5602221	97.4591854	
7.937636	191.354216	191.270633	97.5602221	97.4591854	
7.947739	191.354216	191.270633	97.5602221	97.4591854	
7.957862	191.354216	191.270633	97.5602221	97.4591854	
7.967955	191.354216	191.270633	97.5602221	97.4591854	
7.979154	191.354216	191.270633	97.5602221	97.4591854	
7.988396	191.354216	191.270633	97.5602221	97.4591854	
7.998419	191.354216	191.270633	97.5602221	97.4591854	
8.008565	191.354216	191.270633	97.5602221	97.4591854	
8.01866	191.354216	191.270633	97.5602221	97.4591854	
8.028838	191.354216	191.270633	97.5602221	97.4591854	
8.038976	191.354216	191.270633	97.5602221	97.4591854	
8.049173	191.354216	191.270633	97.5602221	97.4591854	
8.059314	191.354216	191.270633	97.5602221	97.4591854	
8.069686	191.354216	191.270633	97.5602221	97.4591854	
8.080585	191.354216	191.270633	97.5602221	97.4591854	
8.089917	191.354216	191.270633	97.5602221	97.4591854	
8.10007	191.354216	191.270633	97.5602221	97.4591854	
8.110026	191.354216	191.270633	97.5602221	97.4591854	
8.120113	191.354216	191.270633	97.5602221	97.4591854	
8.130301	191.354216	191.270633	97.5602221	97.4591854	
8.14841	191.354216	191.270633	97.5602221	97.4591854	
8.152856	191.354216	191.270633	97.5602221	97.4591854	
8.163018	191.354216	191.270633	97.5602221	97.4591854	
8.173141	191.354216	191.270633	97.5602221	97.4591854	
8.192482	191.354216	191.270633	97.5602221	97.4591854	
8.196953	191.354216	191.270633	97.5602221	97.4591854	
8.20717	191.354216	191.270633	97.5602221	97.4591854	
8.217251	191.354216	191.270633	97.5602221	97.4591854	
8.227362	191.354216	191.270633	97.5602221	97.4591854	
8.237567	191.354216	191.270633	97.5602221	97.4591854	
8.247706	191.354216	191.270633	97.5602221	97.4591854	
8.257838	191.354216	191.270633	97.5602221	97.4591854	
8.268009	191.354216	191.270633	97.5602221	97.4591854	
8.278093	191.354216	191.270633	97.5602221	97.4591854	
8.288362	191.354216	191.270633	97.5602221	97.4591854	
8.298507	191.354216	191.270633	97.5602221	97.4591854	
8.308879	191.354216	191.270633	97.5602221	97.4591854	
8.318782	191.354216	191.270633	97.5602221	97.4591854	
8.32885	191.354216	191.270633	97.5602221	97.4591854	
8.339081	191.354216	191.270633	97.5602221	97.4591854	
8.349175	191.354216	191.270633	97.5602221	97.4591854	
8.359326	191.354216	191.270633	97.5602221	97.4591854	
8.36946	191.354216	191.270633	97.5602221	97.4591854	
8.379808	191.354216	191.270633	97.5602221	97.4591854	
8.389811	191.354216	191.270633	97.5602221	97.4591854	
8.399932	191.354216	191.270633	97.5602221	97.4591854	
8.410064	191.354216	191.270633	97.5602221	97.4591854	
8.420153	191.354216	191.270633	97.5602221	97.4591854	
8.430298	191.354216	191.270633	97.5602221	97.4591854	
8.440494	191.354216	191.270633	97.5602221	97.4591854	
8.450597	191.354216	191.270633	97.5602221	97.4591854	
8.461143	191.354216	191.270633	97.5602221	97.4591854	
8.471246	191.354216	191.270633	97.5602221	97.4591854	
8.481384	191.354216	191.270633	97.5602221	97.4591854	
8.491616	191.354216	191.270633	97.5602221	97.4591854	
8.501778	191.354216	191.270633	97.5602221	97.4591854	
8.511893	191.354216	191.270633	97.5602221	97.4591854	
8.522015	191.354216	191.270633	97.5602221	97.4591854	
8.532535	191.354216	191.270633	97.5602221	97.4591854	
8.542261	191.354216	191.270633	97.5602221	97.4591854	
8.552401	191.354216	191.270633	97.5602221	97.4591854	
8.562553	191.354216	191.270633	97.5602221	97.4591854	
8.572635	191.354216	191.270633	97.5602221	97.4591854	
8.582813	191.354216	191.270633	97.5602221	97.4591854	
8.59302	191.354216	191.270633	97.5602221	97.4591854	
8.603213	191.354216	191.270633	97.5602221	97.4591854	
8.621163	191.354216	191.270633	97.5602221	97.4591854	
8.625625	191.354216	191.270633	97.5602221	97.4591854	
8.635787	191.354216	191.270633	97.5602221	97.4591854	
8.645913	191.354216	191.270633	97.5602221	97.4591854	
8.656071	191.354216	191.270633	97.5602221	97.4591854	
8.666211	191.354216	191.270633	97.5602221	97.4591854	
8.676396	191.354216	191.270633	97.5602221	97.4591854	
8.686986	191.354216	191.270633	97.5602221	97.4591854	
8.696731	191.354216	191.270633	97.5602221	97.4591854	
8.706861	191.354216	191.270633	97.5602221	97.4591854	
8.717121	191.354216	191.270633	97.5602221	97.4591854	
8.727062	191.354216	191.270633	97.5602221	97.4591854	
8.737244	191.354216	191.270633	97.5602221	97.4591854	
8.747406	191.354216	191.270633	97.5602221	97.4591854	
8.757526	191.354216	191.270633	97.5602221	97.4591854	
8.767665	191.354216	191.270633	97.5602221	97.4591854	
8.777775	191.354216	191.270633	97.5602221	97.4591854	
8.788291	191.354216	191.270633	97.5602221	97.4591854	
8.798322	191.354216	191.270633	97.5602221	97.4591854	
8.808225	191.354216	191.270633	97.5602221	97.4591854	
8.818355	191.354216	191.270633	97.5602221	97.4591854	
8.828551	191.354216	191.270633	97.5602221	97.4591854	
8.838725	191.354216	191.270633	97.5602221	97.4591854	
8.848866	191.354216	191.270633	97.5602221	97.4591854	
8.859027	191.354216	191.270633	97.5602221	97.4591854	
8.869084	191.354216	191.270633	97.5602221	97.4591854	
8.879213	191.354216	191.270633	97.5602221	97.4591854	
8.889731	191.354216	191.270633	97.5602221	97.4591854	
8.899834	191.354216	191.270633	97.5602221	97.4591854	
8.909726	191.354216	191.270633	97.5602221	97.4591854	
8.919848	191.354216	191.270633	97.5602221	97.4591854	
8.92997	191.354216	191.270633	97.5602221	97.4591854	
8.940135	191.354216	191.270633	97.5602221	97.4591854	
8.950267	191.354216	191.270633	97.5602221	97.4591854	
8.960456	191.354216	191.270633	97.5602221	97.4591854	
8.970526	191.354216	191.270633	97.5602221	97.4591854	
8.981101	191.354216	191.270633	97.5602221	97.4591854	
8.998474	191.354216	191.270633	97.5602221	97.4591854	
9.003113	191.354216	191.270633	97.5602221	97.4591854	
9.013091	191.354216	191.270633	97.5602221	97.4591854	
9.031317	191.354216	191.270633	97.5602221	97.4591854	
9.035769	191.354216	191.270633	97.5602221	97.4591854	
9.045947	191.354216	191.270633	97.5602221	97.4591854	
9.056094	191.354216	191.270633	97.5602221	97.4591854	
9.066243	191.354216	191.270633	97.5602221	97.4591854	
9.076448	191.354216	191.270633	97.5602221	97.4591854	
9.086482	191.354216	191.270633	97.5602221	97.4591854	
9.096653	191.354216	191.270633	97.5602221	97.4591854	
9.115169	191.354216	191.270633	97.5602221	97.4591854	
9.119668	191.354216	191.270633	97.5602221	97.4591854	
9.129882	191.354216	191.270633	97.5602221	97.4591854	
9.139908	191.354216	191.270633	97.5602221	97.4591854	
9.157797	191.354216	191.270633	97.5602221	97.4591854	
9.167813	191.354216	191.270633	97.5602221	97.4591854	
9.177964	191.354216	191.270633	97.5602221	97.4591854	
9.18806	191.354216	191.270633	97.5602221	97.4591854	
9.199446	191.354216	191.270633	97.5602221	97.4591854	
9.208759	191.354216	191.270633	97.5602221	97.4591854	
9.218516	191.354216	191.270633	97.5602221	97.4591854	
9.228645	191.354216	191.270633	97.5602221	97.4591854	
9.238793	191.354216	191.270633	97.5602221	97.4591854	
9.24898	191.354216	191.270633	97.5602221	97.4591854	
9.259164	191.354216	191.270633	97.5602221	97.4591854	
9.269237	191.354216	191.270633	97.5602221	97.4591854	
9.279387	191.354216	191.270633	97.5602221	97.4591854	
9.289673	191.354216	191.270633	97.5602221	97.4591854	
9.30076	191.354216	191.270633	97.5602221	97.4591854	
9.309947	191.354216	191.270633	97.5602221	97.4591854	
9.319969	191.354216	191.270633	97.5602221	97.4591854	
9.330111	191.354216	191.270633	97.5602221	97.4591854	
9.340269	191.354216	191.270633	97.5602221	97.4591854	
9.350341	191.354216	191.270633	97.5602221	97.4591854	
9.360547	191.354216	191.270633	97.5602221	97.4591854	
9.370801	191.354216	191.270633	97.5602221	97.4591854	
9.380786	191.354216	191.270633	97.5602221	97.4591854	
9.39089	191.354216	191.270633	97.5602221	97.4591854	
9.402047	191.354216	191.270633	97.5602221	97.4591854	
9.411249	191.354216	191.270633	97.5602221	97.4591854	
9.421365	191.354216	191.270633	97.5602221	97.4591854	
9.431486	191.354216	191.270633	97.5602221	97.4591854	
9.441686	191.354216	191.270633	97.5602221	97.4591854	
9.460166	191.354216	191.270633	97.5602221	97.4591854	
9.464637	191.354216	191.270633	97.5602221	97.4591854	
9.47475	191.354216	191.270633	97.5602221	97.4591854	
9.484917	191.354216	191.270633	97.5602221	97.4591854	
9.495018	191.354216	191.270633	97.5602221	97.4591854	
9.506338	191.354216	191.270633	97.5602221	97.4591854	
9.515554	191.354216	191.270633	97.5602221	97.4591854	
9.525642	191.354216	191.270633	97.5602221	97.4591854	
9.535813	191.354216	191.270633	97.5602221	97.4591854	
9.546123	191.354216	191.270633	97.5602221	97.4591854	
9.556293	191.354216	191.270633	97.5602221	97.4591854	
9.566402	191.354216	191.270633	97.5602221	97.4591854	
9.576591	191.354216	191.270633	97.5602221	97.4591854	
9.586701	191.354216	191.270633	97.5602221	97.4591854	
9.596822	191.354216	191.270633	97.5602221	97.4591854	
9.607716	191.354216	191.270633	97.5602221	97.4591854	
9.617143	191.354216	191.270633	97.5602221	97.4591854	
9.627334	191.354216	191.270633	97.5602221	97.4591854	
9.637431	191.354216	191.270633	97.5602221	97.4591854	
9.647561	191.354216	191.270633	97.5602221	97.4591854	
9.657754	191.354216	191.270633	97.5602221	97.4591854	
9.667873	191.354216	191.270633	97.5602221	97.4591854	
9.678	191.354216	191.270633	97.5602221	97.4591854	
9.688124	191.354216	191.270633	97.5602221	97.4591854	
9.698256	191.354216	191.270633	97.5602221	97.4591854	
9.709068	191.354216	191.270633	97.5602221	97.4591854	
9.718865	191.354216	191.270633	97.5602221	97.4591854	
9.728651	191.354216	191.270633	97.5602221	97.4591854	
9.738846	191.354216	191.270633	97.5602221	97.4591854	
9.74896	191.354216	191.270633	97.5602221	97.4591854	
9.759207	191.354216	191.270633	97.5602221	97.4591854	
9.769353	191.354216	191.270633	97.5602221	97.4591854	
9.779503	191.354216	191.270633	97.5602221	97.4591854	
9.789619	191.354216	191.270633	97.5602221	97.4591854	
9.799799	191.354216	191.270633	97.5602221	97.4591854	
9.810492	191.354216	191.270633	97.5602221	97.4591854	
9.820034	191.354216	191.270633	97.5602221	97.4591854	
9.830198	191.354216	191.270633	97.5602221	97.4591854	
9.840297	191.354216	191.270633	97.5602221	97.4591854	
9.85096	191.354216	191.270633	97.5602221	97.4591854	
9.868468	191.354216	191.270633	97.5602221	97.4591854	
9.872883	191.354216	191.270633	97.5602221	97.4591854	
9.883137	191.354216	191.270633	97.5602221	97.4591854	
9.893151	191.354216	191.270633	97.5602221	97.4591854	
9.912869	191.354216	191.270633	97.5602221	97.4591854	
9.917359	191.354216	191.270633	97.5602221	97.4591854	
9.927522	191.354216	191.270633	97.5602221	97.4591854	
9.937749	191.354216	191.270633	97.5602221	97.4591854	
9.947794	191.354216	191.270633	97.5602221	97.4591854	
9.957958	191.354216	191.270633	97.5602221	97.4591854	
9.968088	191.354216	191.270633	97.5602221	97.4591854	
9.978203	191.354216	191.270633	97.5602221	97.4591854	
9.988364	191.354216	191.270633	97.5602221	97.4591854	
9.998468	191.354216	191.270633	97.5602221	97.4591854	
10.00865	191.354216	191.270633	97.5602221	97.4591854	
10.01879	191.354216	191.270633	97.5602221	97.4591854	
10.02896	191.354216	191.270633	97.5602221	97.4591854	
10.03909	191.354216	191.270633	97.5602221	97.4591854	
10.04944	191.354216	191.270633	97.5602221	97.4591854	
10.05966	191.354216	191.270633	97.5602221	97.4591854	
10.06951	191.354216	191.270633	97.5602221	97.4591854	
10.07963	191.354216	191.270633	97.5602221	97.4591854	
10.0898	191.354216	191.270633	97.5602221	97.4591854	
10.09992	191.354216	191.270633	97.5602221	97.4591854	
10.11001	191.354216	191.270633	97.5602221	97.4591854	
10.12024	191.354216	191.270633	97.5602221	97.4591854	
10.13044	191.354216	191.270633	97.5602221	97.4591854	
10.14054	191.354216	191.270633	97.5602221	97.4591854	
10.15073	191.354216	191.270633	97.5602221	97.4591854	
10.16112	191.354216	191.270633	97.5602221	97.4591854	
10.1709	191.354216	191.270633	97.5602221	97.4591854	
10.18104	191.354216	191.270633	97.5602221	97.4591854	
10.19115	191.354216	191.270633	97.5602221	97.4591854	
10.2013	191.354216	191.270633	97.5602221	97.4591854	
10.21261	191.354216	191.270633	97.5602221	97.4591854	
10.22158	191.354216	191.270633	97.5602221	97.4591854	
10.2318	191.354216	191.270633	97.5602221	97.4591854	
10.24194	191.354216	191.270633	97.5602221	97.4591854	
10.25199	191.354216	191.270633	97.5602221	97.4591854	
10.2625	191.354216	191.270633	97.5602221	97.4591854	
10.27228	191.354216	191.270633	97.5602221	97.4591854	
10.28245	191.354216	191.270633	97.5602221	97.4591854	
10.29266	191.354216	191.270633	97.5602221	97.4591854	
10.30289	191.354216	191.270633	97.5602221	97.4591854	
10.31411	191.354216	191.270633	97.5602221	97.4591854	
10.32312	191.354216	191.270633	97.5602221	97.4591854	
10.3332	191.354216	191.270633	97.5602221	97.4591854	
10.35121	191.354216	191.270633	97.5602221	97.4591854	
10.35564	191.354216	191.270633	97.5602221	97.4591854	
10.36578	191.354216	191.270633	97.5602221	97.4591854	
10.37594	191.354216	191.270633	97.5602221	97.4591854	
10.38609	191.354216	191.270633	97.5602221	97.4591854	
10.39624	191.354216	191.270633	97.5602221	97.4591854	
10.40634	191.354216	191.270633	97.5602221	97.4591854	
10.41684	191.354216	191.270633	97.5602221	97.4591854	
10.42694	191.354216	191.270633	97.5602221	97.4591854	
10.43681	191.354216	191.270633	97.5602221	97.4591854	
10.44696	191.354216	191.270633	97.5602221	97.4591854	
10.45706	191.354216	191.270633	97.5602221	97.4591854	
10.46731	191.354216	191.270633	97.5602221	97.4591854	
10.47733	191.354216	191.270633	97.5602221	97.4591854	
10.48753	191.354216	191.270633	97.5602221	97.4591854	
10.49774	191.354216	191.270633	97.5602221	97.4591854	
10.50778	191.354216	191.270633	97.5602221	97.4591854	
10.5182	191.354216	191.270633	97.5602221	97.4591854	
10.52811	191.354216	191.270633	97.5602221	97.4591854	
10.5383	191.354216	191.270633	97.5602221	97.4591854	
10.54841	191.354216	191.270633	97.5602221	97.4591854	
10.55851	191.354216	191.270633	97.5602221	97.4591854	
10.56873	191.354216	191.270633	97.5602221	97.4591854	
10.57882	191.354216	191.270633	97.5602221	97.4591854	
10.58897	191.354216	191.270633	97.5602221	97.4591854	
10.59932	191.354216	191.270633	97.5602221	97.4591854	
10.60965	191.354216	191.270633	97.5602221	97.4591854	
10.62078	191.354216	191.270633	97.5602221	97.4591854	
10.62994	191.354216	191.270633	97.5602221	97.4591854	
10.63972	191.354216	191.270633	97.5602221	97.4591854	
10.64989	191.354216	191.270633	97.5602221	97.4591854	
10.65995	191.354216	191.270633	97.5602221	97.4591854	
10.67015	191.354216	191.270633	97.5602221	97.4591854	
10.68028	191.354216	191.270633	97.5602221	97.4591854	
10.69046	191.354216	191.270633	97.5602221	97.4591854	
10.70058	191.354216	191.270633	97.5602221	97.4591854	
10.71111	191.354216	191.270633	97.5602221	97.4591854	
10.72209	191.354216	191.270633	97.5602221	97.4591854	
10.73132	191.354216	191.270633	97.5602221	97.4591854	
10.74135	191.354216	191.270633	97.5602221	97.4591854	
10.75147	191.354216	191.270633	97.5602221	97.4591854	
10.76161	191.354216	191.270633	97.5602221	97.4591854	
10.77186	191.354216	191.270633	97.5602221	97.4591854	
10.78197	191.354216	191.270633	97.5602221	97.4591854	
10.79204	191.354216	191.270633	97.5602221	97.4591854	
10.80217	191.354216	191.270633	97.5602221	97.4591854	
10.81255	191.354216	191.270633	97.5602221	97.4591854	
10.82354	191.354216	191.270633	97.5602221	97.4591854	
10.83261	191.354216	191.270633	97.5602221	97.4591854	
10.84272	191.354216	191.270633	97.5602221	97.4591854	
10.85291	191.354216	191.270633	97.5602221	97.4591854	
10.863	191.354216	191.270633	97.5602221	97.4591854	
10.87318	191.354216	191.270633	97.5602221	97.4591854	
10.89133	191.354216	191.270633	97.5602221	97.4591854	
10.89577	191.354216	191.270633	97.5602221	97.4591854	
10.90597	191.354216	191.270633	97.5602221	97.4591854	
10.91604	191.354216	191.270633	97.5602221	97.4591854	
10.92628	191.354216	191.270633	97.5602221	97.4591854	
10.93647	191.354216	191.270633	97.5602221	97.4591854	
10.94659	191.354216	191.270633	97.5602221	97.4591854	
10.95678	191.354216	191.270633	97.5602221	97.4591854	
10.96686	191.354216	191.270633	97.5602221	97.4591854	
10.97699	191.354216	191.270633	97.5602221	97.4591854	
10.9872	191.354216	191.270633	97.5602221	97.4591854	
11.00759	191.354216	191.270633	97.5602221	97.4591854	
11.01205	191.354216	191.270633	97.5602221	97.4591854	
11.02326	191.354216	191.270633	97.5602221	97.4591854	
11.03273	191.354216	191.270633	97.5602221	97.4591854	
11.04252	191.354216	191.270633	97.5602221	97.4591854	
11.06058	191.354216	191.270633	97.5602221	97.4591854	
11.06499	191.354216	191.270633	97.5602221	97.4591854	
11.07529	191.354216	191.270633	97.5602221	97.4591854	
11.08532	191.354216	191.270633	97.5602221	97.4591854	
11.09544	191.354216	191.270633	97.5602221	97.4591854	
11.10562	191.354216	191.270633	97.5602221	97.4591854	
11.11573	191.354216	191.270633	97.5602221	97.4591854	
11.12712	191.354216	191.270633	97.5602221	97.4591854	
11.13629	191.354216	191.270633	97.5602221	97.4591854	
11.14648	191.354216	191.270633	97.5602221	97.4591854	
11.1567	191.354216	191.270633	97.5602221	97.4591854	
11.16671	191.354216	191.270633	97.5602221	97.4591854	
11.17691	191.354216	191.270633	97.5602221	97.4591854	
11.18709	191.354216	191.270633	97.5602221	97.4591854	
11.19717	191.354216	191.270633	97.5602221	97.4591854	
11.20732	191.354216	191.270633	97.5602221	97.4591854	
11.21743	191.354216	191.270633	97.5602221	97.4591854	
11.22873	191.354216	191.270633	97.5602221	97.4679121	
11.23778	191.354216	191.270633	97.5602221	97.4679121	
11.2479	191.354216	191.270633	97.5602221	97.4679121	
11.25805	191.354216	191.270633	97.5602221	97.4679121	
11.26815	191.354216	191.270633	97.5602221	97.4679121	
11.27854	191.354216	191.270633	97.5602221	97.4679121	
11.28845	191.354216	191.270633	97.5602221	97.4679121	
11.29862	191.354216	191.270633	97.5602221	97.4679121	
11.3167	191.354216	191.270633	97.5602221	97.4679121	
11.32124	191.354216	191.270633	97.5602221	97.4679121	
11.33143	191.354216	191.270633	97.5602221	97.4679121	
11.34359	191.354216	191.270633	97.5602221	97.4679121	
11.35369	191.354216	191.270633	97.5602221	97.4679121	
11.36382	191.354216	191.279359	97.5602221	97.4679121	
11.37409	191.354216	191.279359	97.5602221	97.4679121	
11.38426	191.354216	191.279359	97.5602221	97.4679121	
11.39439	191.354216	191.279359	97.5602221	97.4766387	
11.40455	191.354216	191.279359	97.5602221	97.4766387	
11.41465	191.354216	191.279359	97.5602221	97.4853654	
11.42482	191.354216	191.279359	97.5602221	97.4853654	
11.43532	191.354216	191.279359	97.5602221	97.4853654	
11.44515	191.354216	191.279359	97.5602221	97.494092	
11.47278	191.354216	191.279359	97.5602221	97.494092	
11.47748	191.354216	191.279359	97.5602221	97.494092	
