1.504094	504.524285	504.522327	410.677931	410.675973	
1.509621	504.525048	504.522327	410.678694	410.675973	
1.519792	504.527215	504.522327	410.680862	410.675973	
1.529891	504.529977	504.522327	410.683623	410.675973	
1.540032	504.53337	504.531054	410.687017	410.675973	
1.550213	504.537399	504.531054	410.691045	410.675973	
1.560329	504.542012	504.531054	410.695658	410.675973	
1.570487	504.547267	504.531054	410.700913	410.675973	
1.580613	504.553121	504.531054	410.706767	410.675973	
1.590706	504.559564	504.531054	410.71321	410.675973	
1.600916	504.56671	504.531054	410.720356	410.675973	
1.611165	504.574523	504.531054	410.728169	410.675973	
1.621317	504.582866	504.531054	410.736512	410.675973	
1.631368	504.59173	504.531054	410.745376	410.6847	
1.641496	504.601284	504.531054	410.75493	410.6847	
1.651619	504.611451	504.53978	410.765097	410.6847	
1.66177	504.622259	504.53978	410.775905	410.693426	
1.671896	504.633659	504.548507	410.787306	410.693426	
1.682067	504.645724	504.557233	410.79937	410.702153	
1.692218	504.658394	504.56596	410.81204	410.71088	
1.70261	504.672017	504.574687	410.825663	410.728333	
1.712481	504.685531	504.59214	410.839178	410.745786	
1.722631	504.700045	504.609593	410.853691	410.763239	
1.732738	504.715104	504.627047	410.868751	410.780693	
1.743626	504.73207	504.6445	410.885716	410.806873	
1.754122	504.749078	504.67068	410.902724	410.833053	
1.763833	504.765348	504.69686	410.918995	410.859233	
1.774006	504.783035	504.714313	410.936682	410.885413	
1.784124	504.801232	504.740493	410.954878	410.911592	
1.794315	504.820202	504.766673	410.973848	410.937772	
1.804422	504.839613	504.792853	410.993259	410.963952	
1.814659	504.859915	504.819033	411.013561	410.990132	
1.824762	504.880543	504.845213	411.034189	411.016312	
1.834954	504.901989	504.871393	411.055635	411.042492	
1.845054	504.923848	504.888846	411.077494	411.059945	
1.855475	504.947071	504.915026	411.100717	411.077399	
1.865544	504.970102	504.941206	411.123748	411.103579	
1.87595	504.994565	504.958659	411.148211	411.121032	
1.887495	505.022549	504.984839	411.176195	411.138485	
1.896156	505.043909	505.011019	411.197555	411.155939	
1.906294	505.069582	505.028472	411.223228	411.173392	
1.916562	505.096229	505.054652	411.249875	411.182118	
1.926721	505.123173	505.072106	411.276819	411.199572	
1.936835	505.150643	505.098286	411.30429	411.225752	
1.947094	505.179135	505.124465	411.332781	411.243205	
1.957307	505.208126	505.150645	411.361772	411.269385	
1.967353	505.237238	505.168099	411.390884	411.295565	
1.97747	505.267172	505.203005	411.420818	411.321745	
1.987737	505.298193	505.220459	411.451839	411.356651	
1.997741	505.328999	505.255365	411.482645	411.391558	
2.00903	505.36463	505.290272	411.518276	411.426465	
2.018139	505.39375	505.316452	411.547396	411.461371	
2.028325	505.426995	505.351358	411.580641	411.505004	
2.038491	505.460793	505.386265	411.614439	411.548638	
2.048541	505.494812	505.429898	411.648458	411.592271	
2.058737	505.529956	505.464805	411.683602	411.635904	
2.068874	505.565519	505.499711	411.719165	411.670811	
2.079007	505.60167	505.543344	411.755316	411.714444	
2.089135	505.638425	505.586978	411.792071	411.758077	
2.099253	505.675754	505.621884	411.8294	411.80171	
2.110303	505.717336	505.674244	411.870982	411.836617	
2.120022	505.754373	505.709151	411.908019	411.88025	
2.129716	505.791893	505.752784	411.945539	411.923883	
2.139896	505.831923	505.796417	411.985569	411.95879	
2.149976	505.872187	505.84005	412.025833	412.002423	
2.160152	505.913441	505.883684	412.067087	412.03733	
2.170298	505.95522	505.927317	412.108866	412.072236	
2.180442	505.997595	505.97095	412.151241	412.107143	
2.190659	506.040887	506.005857	412.194533	412.14205	
2.200717	506.08412	506.04949	412.237766	412.176956	
2.211708	506.132163	506.084397	412.285809	412.211863	
2.22143	506.17515	506.12803	412.328797	412.255496	
2.231422	506.219916	506.171663	412.373562	412.299129	
2.241339	506.264933	506.215296	412.418579	412.334036	
2.251468	506.311576	506.250203	412.465222	412.386396	
2.261565	506.358683	506.302563	412.512329	412.430029	
2.271743	506.406754	506.346196	412.5604	412.473662	
2.281882	506.455261	506.389829	412.608907	412.517295	
2.292052	506.504571	506.433462	412.658217	412.569655	
2.302137	506.554053	506.485822	412.707699	412.613288	
2.31301	506.608172	506.529456	412.761818	412.665648	
2.322426	506.655463	506.581815	412.809109	412.726735	
2.332604	506.70729	506.634175	412.860936	412.779095	
2.342757	506.759561	506.677809	412.913207	412.831455	
2.352824	506.812036	506.738895	412.965682	412.883814	
2.362958	506.865479	506.791255	413.019125	412.944901	
2.373413	506.921265	506.843615	413.074911	412.997261	
2.383261	506.974353	506.895975	413.127999	413.058347	
2.393454	507.029952	506.957061	413.183599	413.119434	
2.403549	507.085637	507.018148	413.239283	413.171794	
2.414304	507.145728	507.079234	413.299374	413.241607	
2.424116	507.20102	507.140321	413.354666	413.302694	
2.434035	507.257508	507.201407	413.411154	413.355053	
2.444196	507.316043	507.262494	413.469689	413.424867	
2.454265	507.374612	507.32358	413.528258	413.485953	
2.46439	507.434176	507.384667	413.587822	413.555766	
2.474544	507.494489	507.45448	413.648136	413.616853	
2.496884	507.631087	507.515567	413.784733	413.756479	
2.501435	507.658742	507.620286	413.812388	413.782659	
2.511495	507.720773	507.681373	413.874419	413.852472	
2.52173	507.784492	507.751186	413.938139	413.913559	
2.531963	507.848821	507.820999	414.002467	413.974645	
2.542063	507.912896	507.890812	414.066542	414.044458	
2.552122	507.977329	507.960626	414.130975	414.105545	
2.562609	508.04542	508.030439	414.199066	414.175358	
2.572399	508.10911	508.091525	414.262756	414.236445	
2.582568	508.176101	508.161338	414.329747	414.306258	
2.592655	508.24318	508.231152	414.396827	414.367344	
2.602777	508.311108	508.292238	414.464754	414.437158	
2.612907	508.379726	508.362051	414.533372	414.498244	
2.62314	508.449667	508.431864	414.603313	414.568057	
2.63329	508.519628	508.492951	414.673274	414.63787	
2.651453	508.647268	508.615124	414.800914	414.760043	
2.65589	508.678362	508.641304	414.832008	414.786223	
2.666073	508.750568	508.711117	414.904214	414.864763	
2.676235	508.823266	508.78093	414.976912	414.934576	
2.686375	508.896387	508.850743	415.050033	415.00439	
2.696507	508.970073	508.920557	415.123719	415.074203	
2.706655	509.044494	508.99037	415.19814	415.144016	
2.716785	509.119405	509.060183	415.273051	415.213829	
2.727009	509.195686	509.129996	415.349332	415.292369	
2.737108	509.271561	509.208536	415.425207	415.370909	
2.747279	509.348668	509.287076	415.502314	415.440722	
2.757407	509.426002	509.356889	415.579648	415.519262	
2.767526	509.503905	509.435429	415.657551	415.597801	
2.777679	509.582704	509.513969	415.73635	415.676341	
2.787879	509.662486	509.592508	415.816132	415.754881	
2.797972	509.742063	509.671048	415.895709	415.833421	
2.808071	509.822243	509.749588	415.975889	415.911961	
2.819535	509.914206	509.828128	416.067852	415.990501	
2.836698	510.053812	509.906668	416.207458	416.138854	
2.841188	510.090234	510.011387	416.24388	416.17376	
2.851363	510.173728	510.089927	416.327375	416.261027	
2.861437	510.256984	510.177194	416.41063	416.339566	
2.871623	510.341758	510.26446	416.495404	416.418106	
2.881791	510.427035	510.351727	416.580681	416.505373	
2.900956	510.59044	510.508806	416.744086	416.662452	
2.90539	510.628171	510.552439	416.781817	416.706086	
2.915627	510.716099	510.639706	416.869745	416.784625	
2.925816	510.804236	510.726972	416.957882	416.871892	
2.935974	510.892688	510.814239	417.046334	416.976612	
2.94609	510.98144	510.901505	417.135086	417.063878	
2.956233	511.070993	510.997498	417.224639	417.151145	
2.966351	511.160975	511.084765	417.314621	417.238411	
2.976478	511.251616	511.172031	417.405263	417.343131	
2.986734	511.34412	511.259298	417.497766	417.430397	
2.996901	511.436412	511.355291	417.590058	417.52639	
3.007203	511.530525	511.451284	417.684171	417.622383	
3.017157	511.62205	511.53855	417.775696	417.718377	
3.027335	511.716311	511.634544	417.869957	417.81437	
3.037555	511.811522	511.730537	417.965168	417.910363	
3.047591	511.905627	511.835256	418.059273	418.006356	
3.05778	512.00186	511.93125	418.155507	418.093622	
3.067935	512.098334	512.027243	418.25198	418.198342	
3.078083	512.195397	512.123236	418.349043	418.294335	
3.088202	512.292767	512.227956	418.446413	418.390328	
3.098349	512.391034	512.323949	418.54468	418.477595	
3.108504	512.489989	512.428668	418.643635	418.582315	
3.118713	512.590106	512.533388	418.743752	418.678308	
3.129292	512.694605	512.638108	418.848251	418.774301	
3.139046	512.791387	512.734101	418.945034	418.87902	
3.149246	512.893275	512.838821	419.046921	418.975014	
3.159337	512.994691	512.943541	419.148337	419.079733	
3.169413	513.096576	513.039534	419.250222	419.175726	
3.179591	513.200096	513.144253	419.353742	419.280446	
3.189763	513.304175	513.248973	419.457821	419.385166	
3.199885	513.408367	513.353693	419.562013	419.489886	
3.210023	513.513319	513.458413	419.666965	419.594605	
3.22013	513.618604	513.563132	419.77225	419.699325	
3.230389	513.72614	513.667852	419.879786	419.812772	
3.240535	513.833044	513.763845	419.98669	419.917491	
3.250745	513.941238	513.868565	420.094884	420.022211	
3.260887	514.049359	513.973285	420.203005	420.126931	
3.271239	514.161525	514.078005	420.315171	420.240377	
3.281132	514.266986	514.182724	420.420632	420.345097	
3.291225	514.37642	514.287444	420.530067	420.449817	
3.301598	514.489567	514.40089	420.643213	420.563263	
3.31159	514.599058	514.50561	420.752704	420.667983	
3.321753	514.711137	514.61033	420.864783	420.781429	
3.332089	514.825771	514.732503	420.979417	420.886149	
3.342148	514.937864	514.837223	421.09151	420.999596	
3.352257	515.05113	514.950669	421.204776	421.113042	
3.362395	515.165394	515.064116	421.31904	421.217762	
3.372944	515.284994	515.177562	421.43864	421.331208	
3.382773	515.3969	515.291008	421.550547	421.444654	
3.39281	515.511856	515.413181	421.665502	421.566828	
3.402944	515.628495	515.526628	421.782141	421.680274	
3.413093	515.745948	515.648801	421.899594	421.802447	
3.423208	515.863621	515.770974	422.017267	421.915893	
3.4414	516.077755	515.88442	422.231401	422.142786	
3.445894	516.130478	516.0415	422.284124	422.195146	
3.456048	516.250606	516.163673	422.404252	422.317319	
3.466195	516.371305	516.285846	422.524951	422.439492	
3.476373	516.492935	516.416746	422.646581	422.561665	
3.486495	516.614545	516.547645	422.768191	422.683838	
3.496644	516.736321	516.669818	422.889967	422.814738	
3.50678	516.857953	516.800718	423.011599	422.945638	
3.516905	516.979465	516.922891	423.133111	423.067811	
3.527062	517.101337	517.053791	423.254983	423.189984	
3.537489	517.226557	517.175964	423.380203	423.320883	
3.547398	517.345369	517.306864	423.499015	423.443056	
3.557588	517.467625	517.429037	423.621271	423.573956	
3.567677	517.588729	517.55121	423.742375	423.696129	
3.577843	517.710709	517.673383	423.864355	423.818302	
3.588029	517.832941	517.795556	423.986587	423.940475	
3.598131	517.954177	517.917729	424.107823	424.071375	
3.608267	518.075761	518.039902	424.229407	424.193548	
3.618388	518.197261	518.162075	424.350907	424.306994	
3.628549	518.319181	518.275521	424.472827	424.429167	
3.646854	518.538901	518.493688	424.692547	424.647334	
3.651352	518.592829	518.546047	424.746475	424.699694	
3.661515	518.714773	518.66822	424.868419	424.821867	
3.671601	518.835877	518.781667	424.989523	424.94404	
3.681774	518.957869	518.90384	425.111515	425.057486	
3.69192	519.079633	519.017286	425.233279	425.170932	
3.702068	519.201409	519.139459	425.355055	425.293105	
3.712159	519.322501	519.252906	425.476147	425.406552	
3.722667	519.448645	519.375079	425.602291	425.528725	
3.742497	519.686701	519.497252	425.840347	425.755618	
3.747024	519.740905	519.663058	425.894551	425.816704	
3.757139	519.862273	519.793958	426.015919	425.938877	
3.767256	519.983689	519.916131	426.137335	426.06105	
3.777373	520.105069	520.038304	426.258715	426.183223	
3.787541	520.227097	520.169204	426.380743	426.314123	
3.797678	520.348753	520.291377	426.502399	426.436296	
3.807818	520.470409	520.422276	426.624055	426.558469	
3.817934	520.591777	520.544449	426.745423	426.689369	
3.828132	520.714201	520.666622	426.867847	426.811542	
3.838305	520.836289	520.797522	426.989935	426.942442	
3.848451	520.958029	520.919695	427.111675	427.064615	
3.858588	521.079649	521.050595	427.233295	427.186788	
3.868757	521.201701	521.172768	427.355347	427.308961	
3.878894	521.323333	521.294941	427.476979	427.43986	
3.889413	521.453329	521.417114	427.606975	427.562034	
3.899189	521.566861	521.539287	427.720507	427.684207	
3.909349	521.688805	521.66146	427.842451	427.815106	
3.919466	521.810185	521.783633	427.963831	427.937279	
3.929526	521.930893	521.905806	428.084539	428.059452	
3.93984	522.054721	522.027979	428.208367	428.181625	
3.949982	522.176401	522.141426	428.330047	428.303798	
3.96008	522.297529	522.254872	428.451175	428.417245	
3.97019	522.418897	522.377045	428.572543	428.530691	
3.980323	522.540469	522.490492	428.694115	428.644138	
3.990511	522.662749	522.603938	428.816395	428.766311	
4.000625	522.784093	522.726111	428.937739	428.879757	
4.010798	522.906157	522.839557	429.059803	428.993203	
4.020917	523.027561	522.953004	429.181207	429.10665	
4.031258	523.152649	523.075177	429.306295	429.228823	
4.04125	523.271665	523.188623	429.425311	429.350996	
4.051418	523.393609	523.30207	429.547255	429.464442	
4.061548	523.515157	523.424243	429.668803	429.586615	
4.071655	523.636441	523.537689	429.790087	429.700062	
4.081787	523.758061	523.659862	429.911707	429.822235	
4.092032	523.880977	523.782035	430.034623	429.953135	
4.102085	524.001601	523.904208	430.155247	430.075308	
4.112189	524.122861	524.035108	430.276507	430.197481	
4.122312	524.244337	524.157281	430.397983	430.32838	
4.132727	524.369341	524.279454	430.522987	430.450553	
4.142721	524.489293	524.410354	430.642939	430.572726	
4.152811	524.610373	524.541253	430.764019	430.6949	
4.162898	524.731369	524.663426	430.885015	430.817073	
4.17302	524.852845	524.794326	431.006491	430.947972	
4.183192	524.974897	524.925226	431.128543	431.061419	
4.193373	525.097057	525.047399	431.250703	431.201045	
4.203503	525.218629	525.178299	431.372275	431.323218	
4.213594	525.339709	525.309198	431.493355	431.436664	
4.223741	525.461485	525.431371	431.615131	431.567564	
4.23419	525.586909	525.553544	431.740555	431.689737	
4.244101	525.705877	525.675717	431.859523	431.81191	
4.254446	525.829981	525.79789	431.983627	431.934083	
4.264278	525.947929	525.920064	432.101575	432.056256	
4.274392	526.069321	526.042237	432.222967	432.169703	
4.284612	526.191949	526.155683	432.345595	432.291876	
4.302892	526.411369	526.373849	432.565015	432.510042	
4.307322	526.464445	526.417482	432.618091	432.562402	
4.31757	526.587445	526.530929	432.741091	432.684575	
4.32761	526.707925	526.653102	432.861571	432.806748	
4.339024	526.845037	526.766548	432.998683	432.928921	
4.348037	526.953121	526.888721	433.106767	433.051094	
4.358143	527.074345	527.002168	433.227991	433.173267	
4.368267	527.195809	527.124341	433.349455	433.29544	
4.378459	527.318113	527.246514	433.471759	433.417613	
4.388667	527.440609	527.368687	433.594255	433.539786	
4.398857	527.562889	527.49086	433.716535	433.661959	
4.408932	527.683765	527.613033	433.837411	433.784132	
4.419074	527.805481	527.735206	433.959127	433.906305	
4.429216	527.927185	527.857379	434.080831	434.028478	
4.440326	528.060613	527.979552	434.214259	434.150651	
4.449538	528.171061	528.101725	434.324707	434.272824	
4.459714	528.293173	528.232625	434.446819	434.394998	
4.469793	528.414121	528.354798	434.567767	434.517171	
4.479913	528.535609	528.485698	434.689255	434.64807	
4.502061	528.801373	528.756224	434.955019	434.90987	
4.506513	528.854737	528.808583	435.008383	434.970956	
4.51671	528.977137	528.930756	435.130783	435.093129	
4.526876	529.099093	529.061656	435.252739	435.206576	
4.537004	529.220629	529.183829	435.374275	435.328749	
4.547227	529.343353	529.306002	435.496999	435.450922	
4.557442	529.465909	529.428175	435.619555	435.564368	
4.567482	529.586389	529.541622	435.740035	435.686541	
4.577631	529.708165	529.663795	435.861811	435.808714	
4.587773	529.829917	529.777241	435.983563	435.930887	
4.59794	529.951885	529.899414	436.105531	436.05306	
4.608065	530.073361	530.012861	436.227007	436.166507	
4.618212	530.195137	530.126307	436.348783	436.28868	
4.628351	530.316805	530.24848	436.470451	436.410853	
4.638466	530.438185	530.370653	436.591831	436.524299	
4.648723	530.561317	530.492826	436.714963	436.646472	
4.658906	530.683465	530.606273	436.837111	436.768645	
4.669034	530.805013	530.728446	436.958659	436.890818	
4.679167	530.926609	530.841892	437.080255	437.004265	
4.689351	531.048829	530.964065	437.202475	437.126438	
4.699462	531.170149	531.086238	437.323795	437.248611	
4.709609	531.291901	531.208411	437.445547	437.370784	
4.719708	531.413125	531.330584	437.566771	437.492957	
4.72987	531.535009	531.461484	437.688655	437.61513	
4.740007	531.656677	531.583657	437.810323	437.737303	
4.750186	531.778897	531.714557	437.932543	437.868203	
4.760314	531.900361	531.83673	438.054007	437.990376	
4.770415	532.021573	531.958903	438.175219	438.112549	
4.780551	532.143205	532.081076	438.296851	438.234722	
4.798911	532.363621	532.316695	438.517267	438.461615	
4.811303	532.512229	532.377782	438.665875	438.609968	
4.815768	532.565821	532.526135	438.719467	438.671054	
4.825897	532.687333	532.657034	438.840979	438.793227	
4.836054	532.809241	532.779207	438.962887	438.9154	
4.847409	532.945597	532.901381	439.099243	439.037573	
4.856375	533.053153	533.03228	439.206799	439.168473	
4.866486	533.174401	533.154453	439.328047	439.290646	
4.876652	533.296453	533.276626	439.450099	439.412819	
4.895703	533.525113	533.494792	439.678759	439.648439	
4.900242	533.579509	533.564606	439.733155	439.700798	
4.910309	533.700277	533.678052	439.853923	439.822972	
4.920505	533.822641	533.800225	439.976287	439.945145	
4.930621	533.944033	533.913671	440.097679	440.067318	
4.94073	534.065329	534.035845	440.218975	440.189491	
4.95178	534.198013	534.158018	440.351659	440.311664	
4.962251	534.323689	534.271464	440.477335	440.442563	
4.972264	534.443809	534.38491	440.597455	440.55601	
4.982199	534.563029	534.507083	440.716675	440.669456	
4.992629	534.688165	534.62053	440.841811	440.791629	
5.002425	534.805705	534.733976	440.959351	440.905076	
5.012545	534.927133	534.856149	441.080779	441.027249	
5.02272	535.049257	534.978322	441.202903	441.140695	
5.032815	535.170397	535.091769	441.324043	441.262868	
5.042942	535.291921	535.205215	441.445567	441.376315	
5.053163	535.414585	535.327388	441.568231	441.498488	
5.063293	535.536145	535.449561	441.689791	441.620661	
5.081341	535.752697	535.571734	441.906343	441.8301	
5.085772	535.805845	535.728814	441.959491	441.88246	
5.095938	535.927849	535.850987	442.081495	442.004633	
5.106069	536.049409	535.97316	442.203055	442.126806	
5.116286	536.172025	536.10406	442.325671	442.248979	
5.126387	536.293201	536.226233	442.446847	442.371152	
5.136485	536.414437	536.357132	442.568083	442.502052	
5.146657	536.536465	536.479305	442.690111	442.624225	
5.156922	536.659729	536.610205	442.813375	442.746398	
5.167062	536.781337	536.732378	442.934983	442.877298	
5.177171	536.902597	536.863278	443.056243	442.999471	
5.18728	537.023941	536.985451	443.177587	443.121644	
5.197524	537.146881	537.107624	443.300527	443.243817	
5.207619	537.268045	537.22107	443.421691	443.36599	
5.217702	537.389005	537.343243	443.542651	443.488163	
5.227918	537.511609	537.465417	443.665255	443.601609	
5.237988	537.632485	537.578863	443.786131	443.723782	
5.248166	537.754609	537.701036	443.908255	443.845955	
5.258381	537.877189	537.823209	444.030835	443.968128	
5.268541	537.999133	537.936655	444.152779	444.090302	
5.278669	538.120633	538.050102	444.274279	444.212475	
5.288756	538.241641	538.172275	444.395287	444.334648	
5.299012	538.364773	538.294448	444.518419	444.448094	
5.309053	538.485241	538.407894	444.638887	444.570267	
5.319218	538.607233	538.530067	444.760879	444.69244	
5.329326	538.728517	538.65224	444.882163	444.814613	
5.339483	538.850377	538.774413	445.004023	444.936786	
5.349648	538.972381	538.896586	445.126027	445.058959	
5.359862	539.095057	539.01876	445.248703	445.181132	
5.369972	539.216257	539.140933	445.369903	445.303305	
5.380157	539.338489	539.271832	445.492135	445.434205	
5.390232	539.459353	539.394005	445.612999	445.556378	
5.40034	539.580685	539.516178	445.734331	445.678551	
5.41055	539.703205	539.647078	445.856851	445.809451	
5.420693	539.824897	539.777978	445.978543	445.931624	
5.430881	539.947201	539.900151	446.100847	446.062524	
5.44097	540.068209	540.022324	446.221855	446.184697	
5.451279	540.192889	540.153224	446.346535	446.30687	
5.46137	540.313177	540.284123	446.466823	446.429043	
5.471374	540.433117	540.406296	446.586763	446.551216	
5.481544	540.555109	540.528469	446.708755	446.673389	
5.491662	540.676525	540.650642	446.830171	446.795562	
5.501798	540.798205	540.772815	446.951851	446.917735	
5.511929	540.919765	540.886262	447.073411	447.039908	
5.522094	541.041709	541.008435	447.195355	447.153354	
5.532238	541.163449	541.121881	447.317095	447.275527	
5.54232	541.284445	541.244054	447.438091	447.388974	
5.552758	541.409737	541.357501	447.563383	447.511147	
5.562689	541.528957	541.470947	447.682603	447.63332	
5.57282	541.650445	541.59312	447.804091	447.746766	
5.582998	541.772581	541.715293	447.926227	447.860213	
5.593069	541.893397	541.820013	448.047043	447.982386	
5.603231	542.015389	541.942186	448.169035	448.095832	
5.613607	542.139901	542.064359	448.293547	448.218005	
5.623658	542.260513	542.169079	448.414159	448.340178	
5.633795	542.382133	542.291252	448.535779	448.462351	
5.643883	542.503225	542.413425	448.656871	448.575798	
5.654277	542.626982	542.535598	448.780628	448.697971	
5.664253	542.745238	542.657771	448.898884	448.820144	
5.674361	542.8643	542.779944	449.017946	448.942317	
5.684481	542.982961	542.902117	449.136607	449.055763	
5.694566	543.100626	543.02429	449.254272	449.177936	
5.70472	543.218466	543.146463	449.372112	449.308836	
5.722895	543.427417	543.364629	449.581063	449.518275	
5.727433	543.47907	543.425716	449.632716	449.579362	
5.737578	543.594798	543.547889	449.748444	449.701535	
5.748405	543.71774	543.670062	449.871386	449.832435	
5.758112	543.827268	543.792235	449.980914	449.945881	
5.767994	543.938214	543.914408	450.09186	450.068054	
5.778081	544.050748	544.036581	450.204394	450.181501	
5.788264	544.16383	544.158754	450.317476	450.294947	
5.798375	544.275546	544.272201	450.429192	450.41712	
5.808546	544.387249	544.385647	450.540895	450.530566	
5.818755	544.498745	544.50782	450.652391	450.644013	
5.828891	544.608842	544.61254	450.762488	450.748733	
5.839092	544.718988	544.725986	450.872634	450.870906	
5.849171	544.827277	544.839433	450.980923	450.975625	
5.860587	544.949132	544.944152	451.102778	451.080345	
5.869866	545.047658	545.048872	451.201304	451.185065	
5.879618	545.150593	545.144865	451.304239	451.289785	
5.889841	545.257904	545.249585	451.411551	451.403231	
5.899985	545.363794	545.354305	451.51744	451.507951	
5.910047	545.468173	545.450298	451.621819	451.603944	
5.920242	545.573338	545.555018	451.726984	451.71739	
5.930373	545.677241	545.659737	451.830887	451.82211	
5.940499	545.780439	545.75573	451.934085	451.918103	
5.950593	545.882743	545.86045	452.036389	452.022823	
5.96204	545.998008	545.956443	452.151654	452.127543	
5.970979	546.087459	546.052436	452.241105	452.223536	
5.981041	546.187637	546.157156	452.341283	452.328256	
5.991224	546.288298	546.253149	452.441944	452.424249	
6.001415	546.388505	546.357869	452.542151	452.528968	
6.01148	546.486833	546.462589	452.640479	452.633688	
6.021962	546.588575	546.567309	452.742221	452.729681	
6.033646	546.701193	546.663302	452.854839	452.843128	
6.041838	546.779695	546.759295	452.933341	452.921668	
6.052542	546.881657	546.864015	453.035303	453.017661	
6.063385	546.984264	546.960008	453.13791	453.113654	
6.072295	547.068026	547.056001	453.221672	453.209647	
6.082467	547.163138	547.160721	453.316784	453.30564	
6.092576	547.256978	547.256714	453.410624	453.401633	
6.10268	547.350172	547.352707	453.503819	453.4889	
6.11284	547.44332	547.439973	453.596966	453.584893	
6.123021	547.536003	547.535966	453.689649	453.672159	
6.133127	547.627397	547.623233	453.781043	453.768152	
6.143239	547.718198	547.719226	453.871844	453.855419	
6.153438	547.809202	547.806492	453.962848	453.942685	
6.164813	547.909982	547.893759	454.063628	454.038678	
6.18191	548.05921	547.972299	454.212856	454.187031	
6.186404	548.098445	548.077018	454.252092	454.230664	
6.196547	548.186342	548.164285	454.339988	454.317931	
6.2067	548.273718	548.242825	454.427364	454.405197	
6.216846	548.360402	548.330091	454.514048	454.483737	
6.227185	548.448109	548.417358	454.601755	454.571004	
6.237149	548.532012	548.495897	454.685658	454.65827	
6.24727	548.616631	548.583164	454.770277	454.745537	
6.257372	548.700483	548.661704	454.85413	454.832803	
6.268794	548.794545	548.757697	454.948191	454.92007	
6.27902	548.878127	548.836237	455.031774	455.007336	
6.289018	548.959193	548.923503	455.112839	455.094602	
6.299293	549.041949	549.002043	455.195595	455.173142	
6.309342	549.122274	549.089309	455.27592	455.251682	
6.319492	549.202781	549.167849	455.356427	455.338949	
6.329611	549.282441	549.255116	455.436087	455.417488	
6.339771	549.361769	549.333655	455.515415	455.496028	
6.349928	549.44049	549.412195	455.594136	455.574568	
6.36	549.517935	549.499462	455.671581	455.653108	
6.370257	549.596217	549.578002	455.749863	455.722921	
6.380438	549.673311	549.656541	455.826957	455.801461	
6.390539	549.749119	549.735081	455.902765	455.880001	
6.400678	549.824637	549.813621	455.978283	455.95854	
6.410764	549.899142	549.900887	456.052788	456.03708	
6.421025	549.974337	549.970701	456.127983	456.106893	
6.431329	550.049221	550.04924	456.202867	456.185433	
6.44126	550.120754	550.12778	456.2744	456.263973	
6.451381	550.193114	550.197593	456.34676	456.333786	
6.461535	550.265073	550.276133	456.418719	456.412326	
6.471671	550.336287	550.354673	456.489933	456.482139	
6.482161	550.410566	550.424486	456.564212	456.551952	
6.492349	550.479661	550.494299	456.633307	456.630492	
6.502385	550.548309	550.564113	456.701955	456.691579	
6.512846	550.619283	550.633926	456.772929	456.761392	
6.522667	550.685263	550.695012	456.838909	456.831205	
6.532824	550.752965	550.756099	456.906611	456.901018	
6.550937	550.871243	550.878272	457.024889	457.014465	
6.555358	550.900188	550.895725	457.053834	457.040645	
6.565615	550.966535	550.965538	457.120181	457.101731	
6.575761	551.031544	551.026625	457.18519	457.171544	
6.585915	551.095986	551.087711	457.249632	457.232631	
6.596049	551.159686	551.140071	457.313332	457.293717	
6.606144	551.222544	551.209884	457.37619	457.36353	
6.616326	551.285344	551.262244	457.43899	457.41589	
6.626461	551.347265	551.323331	457.500911	457.485704	
6.636648	551.408838	551.384417	457.562484	457.54679	
6.646772	551.469418	551.445504	457.623064	457.607877	
6.656867	551.52924	551.50659	457.682886	457.668963	
6.667059	551.589036	551.55895	457.742682	457.73005	
6.677278	551.64837	551.620037	457.802016	457.78241	
6.687421	551.706644	551.681123	457.86029	457.843496	
6.697533	551.764119	551.733483	457.917765	457.904583	
6.707626	551.820906	551.79457	457.974552	457.965669	
6.717803	551.877555	551.855656	458.031201	458.026756	
6.728002	551.933688	551.908016	458.087334	458.079115	
6.738107	551.988724	551.969103	458.14237	458.140202	
6.749012	552.047403	552.030189	458.201049	458.201289	
6.758317	552.096934	552.082549	458.25058	458.244922	
6.768468	552.150391	552.152362	458.304037	458.306008	
6.778642	552.203377	552.204722	458.357023	458.358368	
6.788889	552.25609	552.257082	458.409736	458.410728	
6.806937	552.346595	552.361802	458.500242	458.506721	
6.811453	552.369298	552.387982	458.522945	458.524174	
6.821666	552.419866	552.440341	458.573512	458.576534	
6.831717	552.469025	552.492701	458.622671	458.620168	
6.841874	552.51811	552.545061	458.671756	458.672527	
6.852091	552.566864	552.588694	458.72051	458.724887	
6.86252	552.616008	552.641054	458.769655	458.768521	
6.872567	552.662756	552.684688	458.816403	458.82088	
6.882803	552.709738	552.737047	458.863384	458.864514	
6.892566	552.753969	552.780681	458.907615	458.916874	
6.902701	552.799334	552.824314	458.95298	458.960507	
6.912778	552.843825	552.867947	458.997471	459.00414	
6.922989	552.888278	552.91158	459.041924	459.047773	
6.933102	552.931718	552.955214	459.085364	459.091406	
6.943501	552.975726	552.99012	459.129372	459.143766	
6.96132	553.048906	553.033753	459.202552	459.213579	
6.965802	553.067361	553.077387	459.221007	459.231033	
6.976862	553.112015	553.12102	459.265661	459.283393	
6.986443	553.150176	553.164653	459.303822	459.318299	
6.996248	553.188644	553.19956	459.34229	459.353206	
7.006359	553.227725	553.243193	459.381371	459.388112	
7.01646	553.266166	553.2781	459.419812	459.423019	
7.026657	553.304375	553.313006	459.458021	459.457926	
7.036838	553.3419	553.356639	459.495547	459.492832	
7.047219	553.379537	553.391546	459.533183	459.527739	
7.05731	553.415526	553.426453	459.569172	459.553919	
7.067424	553.451019	553.452632	459.604665	459.588825	
7.078296	553.488463	553.487539	459.642109	459.623732	
7.087779	553.520605	553.513719	459.674251	459.649912	
7.097881	553.554228	553.548626	459.707874	459.684818	
7.10799	553.587297	553.583532	459.740943	459.719725	
7.118134	553.619887	553.609712	459.773534	459.754632	
7.128296	553.651934	553.635892	459.80558	459.780811	
7.138442	553.683319	553.670799	459.836965	459.806991	
7.148603	553.714153	553.696979	459.867799	459.841898	
7.158734	553.744301	553.731885	459.897947	459.876805	
7.168837	553.773777	553.758065	459.927423	459.902985	
7.179638	553.804619	553.792972	459.958265	459.929164	
7.189221	553.831444	553.819152	459.98509	459.964071	
7.199334	553.859151	553.845332	460.012797	459.998978	
7.209469	553.88634	553.871511	460.039987	460.025158	
7.219563	553.912832	553.897691	460.066478	460.051338	
7.229782	553.939035	553.932598	460.092681	460.086244	
7.239875	553.964336	553.958778	460.117982	460.112424	
7.258117	554.007724	553.984958	460.16137	460.164784	
7.26255	554.018336	554.019864	460.171982	460.173511	
7.272791	554.042063	554.046044	460.195709	460.199691	
7.28292	554.065041	554.072224	460.218687	460.217144	
7.29308	554.087312	554.089678	460.240958	460.243324	
7.303423	554.109458	554.115858	460.263104	460.260777	
7.313602	554.130672	554.142038	460.284318	460.27823	
7.324033	554.151791	554.159491	460.305437	460.295684	
7.333822	554.171077	554.185671	460.324723	460.313137	
7.343914	554.190365	554.203124	460.344011	460.33059	
7.354062	554.209189	554.220577	460.362835	460.348044	
7.364188	554.22738	554.238031	460.381026	460.365497	
7.374326	554.245024	554.255484	460.39867	460.38295	
7.384517	554.262162	554.272937	460.415808	460.391677	
7.394641	554.278619	554.281664	460.432265	460.40913	
7.40476	554.29449	554.299117	460.448137	460.417857	
7.422803	554.32058	554.31657	460.474226	460.444037	
7.427283	554.327109	554.325297	460.480755	460.452763	
7.445511	554.351168	554.334024	460.504814	460.478943	
7.449986	554.357131	554.34275	460.510777	460.478943	
7.460171	554.369982	554.351477	460.523628	460.496396	
7.470252	554.382156	554.360204	460.535802	460.505123	
7.480801	554.394359	554.36893	460.548005	460.51385	
7.490646	554.405083	554.377657	460.55873	460.522576	
7.500763	554.415623	554.386384	460.569269	460.54003	
7.510975	554.42571	554.386384	460.579356	460.548756	
7.521263	554.435373	554.386384	460.58902	460.557483	
7.531189	554.44405	554.39511	460.597696	460.56621	
7.541327	554.452441	554.403837	460.606087	460.574936	
7.551446	554.46028	554.403837	460.613926	460.574936	
7.561622	554.467632	554.412564	460.621278	460.583663	
7.571696	554.474395	554.42129	460.628041	460.59239	
7.582122	554.480839	554.430017	460.634485	460.59239	
7.592402	554.486667	554.438743	460.640313	460.59239	
7.602166	554.491748	554.438743	460.645394	460.601116	
7.612339	554.496538	554.44747	460.650184	460.601116	
7.622416	554.500803	554.456197	460.654449	460.609843	
7.632765	554.504688	554.464923	460.658334	460.609843	
7.642699	554.507984	554.47365	460.66163	460.609843	
7.652832	554.510901	554.47365	460.664547	460.61857	
7.663027	554.513407	554.47365	460.667053	460.61857	
7.673106	554.515489	554.482377	460.669135	460.627296	
7.684527	554.517344	554.491103	460.670991	460.627296	
7.693549	554.522327	554.491103	460.675973	460.627296	
7.703526	554.522327	554.491103	460.675973	460.627296	
7.713638	554.522327	554.491103	460.675973	460.627296	
7.723755	554.522327	554.491103	460.675973	460.627296	
7.734271	554.522327	554.491103	460.675973	460.627296	
7.744074	554.522327	554.491103	460.675973	460.627296	
7.754213	554.522327	554.491103	460.675973	460.627296	
7.764371	554.522327	554.491103	460.675973	460.627296	
7.774445	554.522327	554.491103	460.675973	460.627296	
7.785892	554.522327	554.491103	460.675973	460.627296	
7.794818	554.522327	554.491103	460.675973	460.627296	
7.812813	554.522327	554.491103	460.675973	460.627296	
7.817283	554.522327	554.491103	460.675973	460.627296	
7.827397	554.522327	554.491103	460.675973	460.627296	
7.837655	554.522327	554.491103	460.675973	460.627296	
7.847674	554.522327	554.491103	460.675973	460.627296	
7.857837	554.522327	554.491103	460.675973	460.627296	
7.868007	554.522327	554.491103	460.675973	460.627296	
7.878112	554.522327	554.491103	460.675973	460.627296	
7.888969	554.522327	554.491103	460.675973	460.627296	
7.898905	554.522327	554.491103	460.675973	460.627296	
7.908608	554.522327	554.491103	460.675973	460.627296	
7.918785	554.522327	554.491103	460.675973	460.627296	
7.928858	554.522327	554.491103	460.675973	460.627296	
7.939089	554.522327	554.491103	460.675973	460.627296	
7.949187	554.522327	554.491103	460.675973	460.627296	
7.959355	554.522327	554.491103	460.675973	460.627296	
7.969485	554.522327	554.491103	460.675973	460.627296	
7.979591	554.522327	554.491103	460.675973	460.627296	
7.99038	554.522327	554.491103	460.675973	460.627296	
7.999963	554.522327	554.491103	460.675973	460.627296	
8.010075	554.522327	554.491103	460.675973	460.627296	
8.020234	554.522327	554.491103	460.675973	460.627296	
8.030332	554.522327	554.491103	460.675973	460.627296	
8.040523	554.522327	554.491103	460.675973	460.627296	
8.050655	554.522327	554.491103	460.675973	460.627296	
8.060787	554.522327	554.491103	460.675973	460.627296	
8.070953	554.522327	554.491103	460.675973	460.627296	
8.081466	554.522327	554.491103	460.675973	460.627296	
8.091797	554.522327	554.491103	460.675973	460.627296	
8.1014	554.522327	554.491103	460.675973	460.627296	
8.111429	554.522327	554.491103	460.675973	460.627296	
8.121635	554.522327	554.491103	460.675973	460.627296	
8.132103	554.522327	554.491103	460.675973	460.627296	
8.142028	554.522327	554.491103	460.675973	460.627296	
8.152047	554.522327	554.491103	460.675973	460.627296	
8.162175	554.522327	554.491103	460.675973	460.627296	
8.172346	554.522327	554.491103	460.675973	460.627296	
8.182735	554.522327	554.491103	460.675973	460.627296	
8.193155	554.522327	554.491103	460.675973	460.627296	
8.202738	554.522327	554.491103	460.675973	460.627296	
8.21286	554.522327	554.491103	460.675973	460.627296	
8.223012	554.522327	554.491103	460.675973	460.627296	
8.233159	554.522327	554.491103	460.675973	460.627296	
8.243278	554.522327	554.491103	460.675973	460.627296	
8.253481	554.522327	554.491103	460.675973	460.627296	
8.263566	554.522327	554.491103	460.675973	460.627296	
8.27373	554.522327	554.491103	460.675973	460.627296	
8.2841	554.522327	554.491103	460.675973	460.627296	
8.294632	554.522327	554.491103	460.675973	460.627296	
8.304216	554.522327	554.491103	460.675973	460.627296	
8.314341	554.522327	554.491103	460.675973	460.627296	
8.324499	554.522327	554.491103	460.675973	460.627296	
8.334592	554.522327	554.491103	460.675973	460.627296	
8.344765	554.522327	554.491103	460.675973	460.627296	
8.354967	554.522327	554.491103	460.675973	460.627296	
8.365064	554.522327	554.491103	460.675973	460.627296	
8.375275	554.522327	554.491103	460.675973	460.627296	
8.38534	554.522327	554.491103	460.675973	460.627296	
8.396005	554.522327	554.491103	460.675973	460.627296	
8.40582	554.522327	554.491103	460.675973	460.627296	
8.415861	554.522327	554.491103	460.675973	460.627296	
8.425992	554.522327	554.491103	460.675973	460.627296	
8.436138	554.522327	554.491103	460.675973	460.627296	
8.446283	554.522327	554.491103	460.675973	460.627296	
8.456429	554.522327	554.491103	460.675973	460.627296	
8.46653	554.522327	554.491103	460.675973	460.627296	
8.47667	554.522327	554.491103	460.675973	460.627296	
8.497391	554.522327	554.491103	460.675973	460.627296	
8.50202	554.522327	554.491103	460.675973	460.627296	
8.512208	554.522327	554.491103	460.675973	460.627296	
8.52226	554.522327	554.491103	460.675973	460.627296	
8.53236	554.522327	554.491103	460.675973	460.627296	
8.54275	554.522327	554.491103	460.675973	460.627296	
8.552594	554.522327	554.491103	460.675973	460.627296	
8.562703	554.522327	554.491103	460.675973	460.627296	
8.57287	554.522327	554.491103	460.675973	460.627296	
8.583072	554.522327	554.491103	460.675973	460.627296	
8.593172	554.522327	554.491103	460.675973	460.627296	
8.603454	554.522327	554.491103	460.675973	460.627296	
8.61362	554.522327	554.491103	460.675973	460.627296	
8.623665	554.522327	554.491103	460.675973	460.627296	
8.633766	554.522327	554.491103	460.675973	460.627296	
8.644269	554.522327	554.491103	460.675973	460.627296	
8.654046	554.522327	554.491103	460.675973	460.627296	
8.664153	554.522327	554.491103	460.675973	460.627296	
8.674306	554.522327	554.491103	460.675973	460.627296	
8.684474	554.522327	554.491103	460.675973	460.627296	
8.694555	554.522327	554.491103	460.675973	460.627296	
8.705045	554.522327	554.491103	460.675973	460.627296	
8.722846	554.522327	554.491103	460.675973	460.627296	
8.727435	554.522327	554.491103	460.675973	460.627296	
8.737511	554.522327	554.491103	460.675973	460.627296	
8.747695	554.522327	554.491103	460.675973	460.627296	
8.757887	554.522327	554.491103	460.675973	460.627296	
8.767923	554.522327	554.491103	460.675973	460.627296	
8.778048	554.522327	554.491103	460.675973	460.627296	
8.788245	554.522327	554.491103	460.675973	460.627296	
8.799604	554.522327	554.491103	460.675973	460.627296	
8.808929	554.522327	554.491103	460.675973	460.627296	
8.818677	554.522327	554.491103	460.675973	460.627296	
8.828813	554.522327	554.491103	460.675973	460.627296	
8.838947	554.522327	554.491103	460.675973	460.627296	
8.849137	554.522327	554.491103	460.675973	460.627296	
8.859296	554.522327	554.491103	460.675973	460.627296	
8.869412	554.522327	554.491103	460.675973	460.627296	
8.879517	554.522327	554.491103	460.675973	460.627296	
8.8897	554.522327	554.491103	460.675973	460.627296	
8.901522	554.522327	554.491103	460.675973	460.627296	
8.910016	554.522327	554.491103	460.675973	460.627296	
8.920133	554.522327	554.491103	460.675973	460.627296	
8.930252	554.522327	554.491103	460.675973	460.627296	
8.940392	554.522327	554.491103	460.675973	460.627296	
8.950538	554.522327	554.491103	460.675973	460.627296	
8.960744	554.522327	554.491103	460.675973	460.627296	
8.970882	554.522327	554.491103	460.675973	460.627296	
8.981027	554.522327	554.491103	460.675973	460.627296	
8.991801	554.522327	554.491103	460.675973	460.627296	
9.00257	554.522327	554.491103	460.675973	460.627296	
9.011449	554.522327	554.491103	460.675973	460.627296	
9.021554	554.522327	554.491103	460.675973	460.627296	
9.032144	554.522327	554.491103	460.675973	460.627296	
9.041812	554.522327	554.491103	460.675973	460.627296	
9.052049	554.522327	554.491103	460.675973	460.627296	
9.062153	554.522327	554.491103	460.675973	460.627296	
9.072253	554.522327	554.491103	460.675973	460.627296	
9.082357	554.522327	554.491103	460.675973	460.627296	
9.092798	554.522327	554.491103	460.675973	460.627296	
9.103802	554.522327	554.491103	460.675973	460.627296	
9.11275	554.522327	554.491103	460.675973	460.627296	
9.122962	554.522327	554.491103	460.675973	460.627296	
9.133076	554.522327	554.491103	460.675973	460.627296	
9.151366	554.522327	554.491103	460.675973	460.627296	
9.155876	554.522327	554.491103	460.675973	460.627296	
9.166062	554.522327	554.491103	460.675973	460.627296	
9.176149	554.522327	554.491103	460.675973	460.627296	
9.186288	554.522327	554.491103	460.675973	460.627296	
9.196458	554.522327	554.491103	460.675973	460.627296	
9.207869	554.522327	554.491103	460.675973	460.627296	
9.217966	554.522327	554.491103	460.675973	460.627296	
9.228106	554.522327	554.491103	460.675973	460.627296	
9.238289	554.522327	554.491103	460.675973	460.627296	
9.248361	554.522327	554.491103	460.675973	460.627296	
9.258559	554.522327	554.491103	460.675973	460.627296	
9.26871	554.522327	554.491103	460.675973	460.627296	
9.278852	554.522327	554.491103	460.675973	460.627296	
9.288941	554.522327	554.491103	460.675973	460.627296	
9.299112	554.522327	554.491103	460.675973	460.627296	
9.30929	554.522327	554.491103	460.675973	460.627296	
9.319807	554.522327	554.491103	460.675973	460.627296	
9.329921	554.522327	554.491103	460.675973	460.627296	
9.340078	554.522327	554.491103	460.675973	460.627296	
9.350194	554.522327	554.491103	460.675973	460.627296	
9.360365	554.522327	554.491103	460.675973	460.627296	
9.370505	554.522327	554.491103	460.675973	460.627296	
9.380811	554.522327	554.491103	460.675973	460.627296	
9.390792	554.522327	554.491103	460.675973	460.627296	
9.401332	554.522327	554.491103	460.675973	460.627296	
9.411126	554.522327	554.491103	460.675973	460.627296	
9.42131	554.522327	554.491103	460.675973	460.627296	
9.431452	554.522327	554.491103	460.675973	460.627296	
9.441569	554.522327	554.491103	460.675973	460.627296	
9.451648	554.522327	554.491103	460.675973	460.627296	
9.461901	554.522327	554.491103	460.675973	460.627296	
9.471915	554.522327	554.491103	460.675973	460.627296	
9.482089	554.522327	554.491103	460.675973	460.627296	
9.492241	554.522327	554.491103	460.675973	460.627296	
9.50268	554.522327	554.491103	460.675973	460.627296	
9.512522	554.522327	554.491103	460.675973	460.627296	
9.522713	554.522327	554.491103	460.675973	460.627296	
9.532835	554.522327	554.491103	460.675973	460.627296	
9.54297	554.522327	554.491103	460.675973	460.627296	
9.553099	554.522327	554.491103	460.675973	460.627296	
9.563255	554.522327	554.491103	460.675973	460.627296	
9.573457	554.522327	554.491103	460.675973	460.627296	
9.583571	554.522327	554.491103	460.675973	460.627296	
9.593627	554.522327	554.491103	460.675973	460.627296	
9.604396	554.522327	554.491103	460.675973	460.627296	
9.61401	554.522327	554.491103	460.675973	460.627296	
9.624144	554.522327	554.491103	460.675973	460.627296	
9.634242	554.522327	554.491103	460.675973	460.627296	
9.644358	554.522327	554.491103	460.675973	460.627296	
9.654514	554.522327	554.491103	460.675973	460.627296	
9.66465	554.522327	554.491103	460.675973	460.627296	
9.674783	554.522327	554.491103	460.675973	460.627296	
9.692839	554.522327	554.491103	460.675973	460.627296	
9.697239	554.522327	554.491103	460.675973	460.627296	
9.707423	554.522327	554.491103	460.675973	460.627296	
9.717581	554.522327	554.491103	460.675973	460.627296	
9.727738	554.522327	554.491103	460.675973	460.627296	
9.737865	554.522327	554.491103	460.675973	460.627296	
9.747975	554.522327	554.491103	460.675973	460.627296	
9.758205	554.522327	554.491103	460.675973	460.627296	
9.768272	554.522327	554.491103	460.675973	460.627296	
9.778394	554.522327	554.491103	460.675973	460.627296	
9.788536	554.522327	554.491103	460.675973	460.627296	
9.798704	554.522327	554.491103	460.675973	460.627296	
9.809009	554.522327	554.491103	460.675973	460.627296	
9.819386	554.522327	554.491103	460.675973	460.627296	
9.829139	554.522327	554.491103	460.675973	460.627296	
9.847252	554.522327	554.491103	460.675973	460.627296	
9.851723	554.522327	554.491103	460.675973	460.627296	
9.862114	554.522327	554.491103	460.675973	460.627296	
9.872047	554.522327	554.491103	460.675973	460.627296	
9.882347	554.522327	554.491103	460.675973	460.627296	
9.892313	554.522327	554.491103	460.675973	460.627296	
9.90241	554.522327	554.491103	460.675973	460.627296	
9.921062	554.522327	554.491103	460.675973	460.627296	
9.925614	554.522327	554.491103	460.675973	460.627296	
9.935726	554.522327	554.491103	460.675973	460.627296	
9.94585	554.522327	554.491103	460.675973	460.627296	
9.955971	554.522327	554.491103	460.675973	460.627296	
9.96613	554.522327	554.491103	460.675973	460.627296	
9.976413	554.522327	554.491103	460.675973	460.627296	
9.98659	554.522327	554.491103	460.675973	460.627296	
9.99677	554.522327	554.491103	460.675973	460.627296	
10.00683	554.522327	554.491103	460.675973	460.627296	
10.01826	554.522327	554.491103	460.675973	460.627296	
10.02851	554.522327	554.491103	460.675973	460.627296	
10.03855	554.522327	554.491103	460.675973	460.627296	
10.04868	554.522327	554.491103	460.675973	460.627296	
10.05879	554.522327	554.491103	460.675973	460.627296	
10.06899	554.522327	554.491103	460.675973	460.627296	
10.07911	554.522327	554.491103	460.675973	460.627296	
10.08925	554.522327	554.491103	460.675973	460.627296	
10.09942	554.522327	554.491103	460.675973	460.627296	
10.10951	554.522327	554.491103	460.675973	460.627296	
10.11978	554.522327	554.491103	460.675973	460.627296	
10.12995	554.522327	554.491103	460.675973	460.627296	
10.14006	554.522327	554.491103	460.675973	460.627296	
10.15026	554.522327	554.491103	460.675973	460.627296	
10.16029	554.522327	554.491103	460.675973	460.627296	
10.17049	554.522327	554.491103	460.675973	460.627296	
10.18064	554.522327	554.491103	460.675973	460.627296	
10.19075	554.522327	554.491103	460.675973	460.627296	
10.2009	554.522327	554.491103	460.675973	460.627296	
10.21123	554.522327	554.491103	460.675973	460.627296	
10.22138	554.522327	554.491103	460.675973	460.627296	
10.23146	554.522327	554.491103	460.675973	460.627296	
10.24151	554.522327	554.491103	460.675973	460.627296	
10.25162	554.522327	554.491103	460.675973	460.627296	
10.26176	554.522327	554.491103	460.675973	460.627296	
10.2719	554.522327	554.491103	460.675973	460.627296	
10.28207	554.522327	554.491103	460.675973	460.627296	
10.29215	554.522327	554.491103	460.675973	460.627296	
10.30242	554.522327	554.491103	460.675973	460.627296	
10.31279	554.522327	554.491103	460.675973	460.627296	
10.33083	554.522327	554.491103	460.675973	460.627296	
10.35132	554.522327	554.491103	460.675973	460.627296	
10.35576	554.522327	554.491103	460.675973	460.627296	
10.36602	554.522327	554.491103	460.675973	460.627296	
10.37609	554.522327	554.491103	460.675973	460.627296	
10.38624	554.522327	554.491103	460.675973	460.627296	
10.3964	554.522327	554.491103	460.675973	460.627296	
10.40648	554.522327	554.491103	460.675973	460.627296	
10.41665	554.522327	554.491103	460.675973	460.627296	
10.42688	554.522327	554.491103	460.675973	460.627296	
10.43702	554.522327	554.491103	460.675973	460.627296	
10.44715	554.522327	554.491103	460.675973	460.627296	
10.45722	554.522327	554.491103	460.675973	460.627296	
10.46742	554.522327	554.491103	460.675973	460.627296	
10.47749	554.522327	554.491103	460.675973	460.627296	
10.49805	554.522327	554.491103	460.675973	460.627296	
10.50253	554.522327	554.491103	460.675973	460.627296	
10.51285	554.522327	554.491103	460.675973	460.627296	
10.52393	554.522327	554.491103	460.675973	460.627296	
10.53302	554.522327	554.491103	460.675973	460.627296	
10.54314	554.522327	554.491103	460.675973	460.627296	
10.55323	554.522327	554.491103	460.675973	460.627296	
10.57176	554.522327	554.491103	460.675973	460.627296	
10.57625	554.522327	554.491103	460.675973	460.627296	
10.5864	554.522327	554.491103	460.675973	460.627296	
10.59658	554.522327	554.491103	460.675973	460.627296	
10.60667	554.522327	554.491103	460.675973	460.627296	
10.61685	554.522327	554.491103	460.675973	460.627296	
10.62709	554.522327	554.491103	460.675973	460.627296	
10.63723	554.522327	554.491103	460.675973	460.627296	
10.64742	554.522327	554.491103	460.675973	460.627296	
10.6575	554.522327	554.491103	460.675973	460.627296	
10.6676	554.522327	554.491103	460.675973	460.627296	
10.67783	554.522327	554.491103	460.675973	460.627296	
10.68792	554.522327	554.491103	460.675973	460.627296	
10.69806	554.522327	554.491103	460.675973	460.627296	
10.70816	554.522327	554.491103	460.675973	460.627296	
10.71833	554.522327	554.491103	460.675973	460.627296	
10.72852	554.522327	554.491103	460.675973	460.627296	
10.73869	554.522327	554.491103	460.675973	460.627296	
10.74884	554.522327	554.491103	460.675973	460.627296	
10.75897	554.522327	554.491103	460.675973	460.627296	
10.76908	554.522327	554.491103	460.675973	460.627296	
10.79548	554.522327	554.491103	460.675973	460.627296	
