1.404428	404.58696	404.584774	310.740606	310.73842	
1.409157	404.587601	404.584774	310.741247	310.73842	
1.419213	404.589736	404.584774	310.743383	310.73842	
1.429335	404.592502	404.584774	310.746148	310.73842	
1.439573	404.595935	404.584774	310.749581	310.73842	
1.449667	404.599921	404.584774	310.753567	310.73842	
1.459866	404.604582	404.584774	310.758228	310.73842	
1.469972	404.609805	404.584774	310.763451	310.73842	
1.481083	404.616436	404.584774	310.770082	310.73842	
1.490218	404.622132	404.584774	310.775778	310.73842	
1.500386	404.629249	404.584774	310.782895	310.73842	
1.510583	404.637011	404.584774	310.790657	310.73842	
1.52074	404.645358	404.584774	310.799005	310.73842	
1.530847	404.65427	404.593501	310.807916	310.73842	
1.541019	404.663872	404.602227	310.817518	310.73842	
1.551078	404.673966	404.61968	310.827612	310.73842	
1.561425	404.685003	404.628407	310.83865	310.747147	
1.571452	404.696287	404.64586	310.849933	310.755873	
1.581548	404.708261	404.663314	310.861907	310.755873	
1.591733	404.720974	404.680767	310.87462	310.773327	
1.601956	404.734361	404.69822	310.888007	310.782053	
1.612024	404.748144	404.7244	310.90179	310.808233	
1.622179	404.762673	404.741854	310.916319	310.825686	
1.632266	404.777707	404.768033	310.931353	310.84314	
1.642413	404.793463	404.794213	310.947109	310.86932	
1.660921	404.824696	404.811667	310.978342	310.912953	
1.66545	404.832264	404.837847	310.98591	310.930406	
1.675563	404.849971	404.8553	311.003617	310.956586	
1.685739	404.86841	404.872753	311.022056	310.982766	
1.695913	404.887463	404.898933	311.041109	311.017673	
1.706041	404.907049	404.916386	311.060696	311.043853	
1.716232	404.927383	404.93384	311.081029	311.070033	
1.726445	404.948377	404.942566	311.102023	311.087486	
1.737684	404.972285	404.968746	311.125931	311.113666	
1.747788	404.994354	404.977473	311.148	311.131119	
1.757901	405.017056	404.994926	311.170703	311.148572	
1.768064	405.040483	405.01238	311.194129	311.157299	
1.778198	405.06446	405.029833	311.218106	311.174752	
1.788326	405.089038	405.047286	311.242684	311.192206	
1.798478	405.114298	405.073466	311.267944	311.209659	
1.809577	405.142714	405.090919	311.29636	311.227112	
1.819105	405.167575	405.117099	311.321222	311.244566	
1.828909	405.193739	405.143279	311.347385	311.270745	
1.839087	405.221539	405.169459	311.375185	311.296925	
1.857381	405.273989	405.221819	311.427635	311.340559	
1.861844	405.286706	405.230546	311.440352	311.358012	
1.871987	405.316408	405.265452	311.470054	311.392918	
1.882087	405.346607	405.300359	311.500253	311.427825	
1.892209	405.377484	405.335265	311.53113	311.462732	
1.902405	405.409226	405.370172	311.562872	311.497638	
1.914358	405.447349	405.413805	311.600996	311.541271	
1.922706	405.474275	405.448712	311.627921	311.576178	
1.932774	405.50744	405.483618	311.661086	311.611085	
1.942967	405.541647	405.518525	311.695293	311.645991	
1.953067	405.576148	405.562158	311.729794	311.689624	
1.963455	405.612282	405.597065	311.765928	311.724531	
1.973378	405.647379	405.631971	311.801025	311.768164	
1.983431	405.683543	405.666878	311.837189	311.803071	
1.993583	405.720687	405.701785	311.874333	311.837977	
2.003828	405.758797	405.727965	311.912443	311.872884	
2.015638	405.803657	405.762871	311.957303	311.916517	
2.032406	405.869231	405.823958	312.022877	311.977604	
2.036864	405.886604	405.841411	312.04025	311.995057	
2.047012	405.926995	405.876318	312.080641	312.029964	
2.057353	405.968802	405.919951	312.122448	312.06487	
2.067447	406.01021	405.954857	312.163856	312.108503	
2.077546	406.052225	405.998491	312.205872	312.152137	
2.087816	406.095638	406.042124	312.249284	312.187043	
2.097853	406.13862	406.085757	312.292266	312.230677	
2.10795	406.182481	406.12939	312.336127	312.27431	
2.118199	406.227678	406.173024	312.381324	312.317943	
2.128692	406.274592	406.225383	312.428238	312.361576	
2.138471	406.318839	406.277743	312.472485	312.413936	
2.148588	406.365254	406.321377	312.5189	312.457569	
2.158745	406.412482	406.373736	312.566129	312.501203	
2.168894	406.460296	406.426096	312.613942	312.553562	
2.179026	406.508635	406.469729	312.662281	312.605922	
2.18916	406.557605	406.522089	312.711251	312.658282	
2.199316	406.607311	406.574449	312.760957	312.710642	
2.209445	406.657484	406.626809	312.81113	312.763002	
2.219647	406.708671	406.679169	312.862317	312.824088	
2.229751	406.759936	406.731529	312.913582	312.876448	
2.239999	406.812905	406.783889	312.966551	312.937535	
2.250451	406.86782	406.836249	313.021466	312.989895	
2.270161	406.972344	406.940968	313.12599	313.112068	
2.274574	406.995833	406.967148	313.14948	313.138248	
2.284761	407.050904	407.019508	313.204551	313.190608	
2.294922	407.106448	407.080595	313.260094	313.251694	
2.305022	407.162263	407.132955	313.315909	313.304054	
2.315178	407.219018	407.194041	313.372665	313.356414	
2.325415	407.276881	407.255128	313.430527	313.4175	
2.335564	407.334845	407.307488	313.488491	313.478587	
2.345685	407.393239	407.368574	313.546886	313.530947	
2.355801	407.452236	407.429661	313.605882	313.583307	
2.365998	407.512344	407.48202	313.66599	313.644393	
2.376168	407.572888	407.551834	313.726534	313.696753	
2.386261	407.633588	407.61292	313.787235	313.75784	
2.396403	407.695208	407.674007	313.848854	313.8102	
2.406629	407.757987	407.735093	313.911633	313.871286	
2.417801	407.827366	407.79618	313.981012	313.932373	
2.426827	407.883766	407.857266	314.037412	313.993459	
2.436954	407.947777	407.918353	314.101424	314.054546	
2.447165	408.012916	407.988166	314.166562	314.115632	
2.457345	408.078516	408.049252	314.232162	314.185445	
2.467461	408.144304	408.110339	314.29795	314.246532	
2.47756	408.210539	408.180152	314.364185	314.316345	
2.496448	408.337151	408.302325	314.490797	314.447245	
2.500898	408.366882	408.328505	314.520528	314.473425	
2.511001	408.435245	408.398318	314.588891	314.543238	
2.522094	408.511075	408.459405	314.664721	314.630504	
2.531347	408.574741	408.529218	314.728387	314.700317	
2.541453	408.644901	408.599031	314.798547	314.770131	
2.551547	408.715631	408.668844	314.869277	314.839944	
2.561961	408.789279	408.747384	314.942925	314.918484	
2.571894	408.860067	408.817197	315.013713	314.988297	
2.581988	408.932605	408.887011	315.086251	315.05811	
2.592184	409.006546	408.96555	315.160193	315.13665	
2.602269	409.080253	409.035363	315.233899	315.206463	
2.612392	409.154906	409.113903	315.308552	315.276276	
2.623616	409.238498	409.192443	315.392144	315.354816	
2.6327	409.306472	409.262256	315.460118	315.415902	
2.64303	409.384549	409.340796	315.538195	315.494442	
2.652972	409.460207	409.410609	315.613853	315.564255	
2.663065	409.537676	409.489149	315.691322	315.634069	
2.673423	409.61787	409.567689	315.771517	315.712608	
2.683364	409.695372	409.646229	315.849018	315.782422	
2.693499	409.775031	409.716042	315.928677	315.852235	
2.703636	409.855275	409.794582	316.008921	315.930775	
2.713731	409.935813	409.873122	316.089459	316.009314	
2.72501	410.026699	409.951661	316.180345	316.096581	
2.734135	410.100554	410.030201	316.2542	316.175121	
2.744284	410.183393	410.108741	316.337039	316.25366	
2.754402	410.266591	410.196007	316.420237	316.340927	
2.764497	410.350211	410.274547	316.503857	316.428193	
2.774785	410.436113	410.361814	316.589759	316.51546	
2.784859	410.520772	410.44908	316.674418	316.602726	
2.794999	410.606622	410.536347	316.760268	316.698719	
2.805157	410.693252	410.623613	316.846899	316.794713	
2.815263	410.780042	410.71088	316.933688	316.881979	
2.834186	410.945323	410.885413	317.098969	317.056512	
2.838733	410.984844	410.929046	317.13849	317.100145	
2.848802	411.073376	411.016312	317.227023	317.196138	
2.858938	411.163063	411.112305	317.316709	317.283405	
2.869034	411.253041	411.208298	317.406687	317.370671	
2.879215	411.34441	411.304292	317.498056	317.466664	
2.88945	411.436858	411.400285	317.590504	317.553931	
2.899489	411.528133	411.496278	317.681779	317.649924	
2.909639	411.621104	411.592271	317.77475	317.73719	
2.919786	411.714573	411.688264	317.868219	317.824457	
2.929988	411.809249	411.784257	317.962895	317.92045	
2.940166	411.904295	411.88025	318.057942	318.016443	
2.950277	411.999337	411.967517	318.152983	318.103709	
2.960424	412.095307	412.06351	318.248953	318.199703	
2.970585	412.192068	412.159503	318.345714	318.295696	
2.980734	412.289323	412.255496	318.442969	318.382962	
2.990822	412.386602	412.351489	318.540248	318.487682	
3.001051	412.485834	412.438756	318.63948	318.583675	
3.011143	412.584362	412.543475	318.738008	318.679668	
3.021679	412.687926	412.639468	318.841572	318.775661	
3.031439	412.784461	412.735462	318.938107	318.871654	
3.041614	412.885633	412.822728	319.039279	318.976374	
3.051703	412.986547	412.927448	319.140193	319.081094	
3.061832	413.088579	413.023441	319.242225	319.185814	
3.072036	413.191963	413.128161	319.345609	319.290533	
3.082119	413.294656	413.224154	319.448302	319.395253	
3.09225	413.398507	413.328873	319.552153	319.499973	
3.102374	413.5029	413.433593	319.656546	319.604693	
3.112578	413.608756	413.538313	319.762403	319.709412	
3.123143	413.719038	413.643033	319.872685	319.822859	
3.132894	413.821382	413.747752	319.975028	319.918852	
3.143107	413.929171	413.861199	320.082817	320.023572	
3.15322	414.036515	413.974645	320.190161	320.137018	
3.163326	414.144407	414.079365	320.298053	320.241738	
3.173519	414.253898	414.184085	320.407544	320.346458	
3.183647	414.363272	414.297531	320.516918	320.451177	
3.19377	414.473173	414.402251	320.626819	320.564624	
3.203909	414.583899	414.515697	320.737545	320.669343	
3.214067	414.695451	414.629144	320.849097	320.78279	
3.224657	414.81249	414.74259	320.966136	320.896236	
3.234731	414.924345	414.856037	321.077991	321.018409	
3.244925	415.038193	414.969483	321.191839	321.131856	
3.255086	415.152245	415.091656	321.305891	321.245302	
3.265154	415.265881	415.205102	321.419528	321.358749	
3.275303	415.38111	415.318549	321.534756	321.472195	
3.285525	415.497738	415.440722	321.651384	321.594368	
3.295648	415.613826	415.554168	321.767472	321.699088	
3.30578	415.730679	415.676341	321.884325	321.821261	
3.315875	415.847681	415.789788	322.001327	321.943434	
3.32607	415.96654	415.911961	322.120186	322.05688	
3.33634	416.086872	416.034134	322.240518	322.170327	
3.346452	416.20595	416.156307	322.359596	322.301226	
3.356561	416.325606	416.269753	322.479252	322.414673	
3.366713	416.446355	416.391926	322.600001	322.536846	
3.376868	416.567818	416.514099	322.721464	322.659019	
3.387031	416.689973	416.627546	322.843619	322.781192	
3.397156	416.811425	416.749719	322.965071	322.903365	
3.407333	416.933597	416.871892	323.087243	323.034265	
3.417472	417.055229	416.994065	323.208875	323.156438	
3.427594	417.176729	417.116238	323.330375	323.278611	
3.437777	417.298949	417.238411	323.452595	323.400784	
3.448048	417.422165	417.360584	323.575811	323.531683	
3.458089	417.542633	417.482757	323.696279	323.64513	
3.468213	417.664133	417.60493	323.817779	323.758576	
3.478325	417.785501	417.73583	323.939147	323.880749	
3.489808	417.923369	417.849276	324.077015	324.020376	
3.498631	418.029113	417.980176	324.182759	324.125095	
3.508759	418.150661	418.102349	324.304307	324.247268	
3.518925	418.272677	418.224522	324.426323	324.369441	
3.529025	418.393877	418.337968	324.547523	324.482888	
3.539262	418.516757	418.468868	324.670403	324.605061	
3.549427	418.638725	418.582315	324.792371	324.727234	
3.559564	418.760369	418.704488	324.914015	324.849407	
3.569705	418.882097	418.826661	325.035743	324.97158	
3.579843	419.003681	418.95756	325.157327	325.093753	
3.590239	419.128505	419.071007	325.282151	325.215926	
3.600227	419.248313	419.201906	325.401959	325.346826	
3.610311	419.369285	419.324079	325.522931	325.460272	
3.620436	419.490797	419.446252	325.644443	325.591172	
3.630562	419.612357	419.577152	325.766003	325.713345	
3.640727	419.734373	419.699325	325.888019	325.835518	
3.65088	419.856149	419.821498	326.009795	325.966418	
3.661017	419.977769	419.943671	326.131415	326.097317	
3.671202	420.100061	420.065844	326.253707	326.21949	
3.681739	420.226457	420.188017	326.380103	326.341664	
3.691448	420.342989	420.318917	326.496635	326.472563	
3.701565	420.464357	420.44109	326.618003	326.603463	
3.711664	420.585521	420.563263	326.739167	326.725636	
3.721785	420.706985	420.685436	326.860631	326.847809	
3.731915	420.828569	420.807609	326.982215	326.969982	
3.742127	420.951149	420.929782	327.104795	327.092155	
3.7523	421.073213	421.051955	327.226859	327.205602	
3.762398	421.194341	421.165402	327.347987	327.327775	
3.772576	421.316501	421.287575	327.470147	327.441221	
3.783158	421.443485	421.409748	327.597131	327.563394	
3.792814	421.559357	421.531921	327.713003	327.668114	
3.802943	421.680905	421.645367	327.834551	327.790287	
3.813064	421.802345	421.758814	327.955991	327.903733	
3.82316	421.923497	421.880987	328.077143	328.01718	
3.833433	422.046821	421.994433	328.200467	328.139353	
3.843928	422.172785	422.10788	328.326431	328.261526	
3.853669	422.289653	422.230053	328.443299	328.366245	
3.863787	422.411033	422.352226	328.564679	328.488419	
3.873883	422.532173	422.465672	328.685819	328.610592	
3.892554	422.756261	422.683838	328.909907	328.837484	
3.905105	422.906909	422.736198	329.060555	328.994564	
3.909568	422.960405	422.884551	329.114051	329.046924	
3.919702	423.081989	423.015451	329.235635	329.169097	
3.929781	423.202949	423.137624	329.356595	329.29127	
3.940597	423.332861	423.268524	329.486507	329.42217	
3.950223	423.448325	423.399423	329.601971	329.544343	
3.960346	423.569741	423.521596	329.723387	329.666516	
3.970471	423.691217	423.652496	329.844863	329.788689	
3.980566	423.812441	423.783396	329.966087	329.919589	
3.990709	423.934121	423.905569	330.087767	330.041762	
4.001036	424.058057	424.036468	330.211703	330.163935	
4.011023	424.177865	424.158641	330.331511	330.286108	
4.021093	424.298777	424.289541	330.452423	330.408281	
4.031692	424.425905	424.411714	330.579551	330.530454	
4.041967	424.549253	424.533887	330.702899	330.67008	
4.05182	424.667465	424.65606	330.821111	330.783526	
4.061696	424.785965	424.778233	330.939611	330.9057	
4.071803	424.907201	424.89168	331.060847	331.019146	
4.082069	425.030417	425.013853	331.184063	331.150046	
4.092091	425.150669	425.127299	331.304315	331.263492	
4.102434	425.274809	425.249472	331.428455	331.385665	
4.112407	425.394461	425.362919	331.548107	331.507838	
4.122542	425.516093	425.476365	331.669739	331.630011	
4.141966	425.749265	425.598538	331.902911	331.839451	
4.146448	425.802941	425.755618	331.956587	331.909264	
4.156922	425.928677	425.877791	332.082323	332.031437	
4.166802	426.047213	425.991237	332.200859	332.144883	
4.176891	426.168269	426.11341	332.321915	332.267056	
4.186987	426.289385	426.235583	332.443031	332.397956	
4.197176	426.411689	426.357756	332.565335	332.520129	
4.207335	426.533585	426.479929	332.687231	332.642302	
4.217534	426.655985	426.602102	332.809631	332.764475	
4.227612	426.776921	426.733002	332.930567	332.886648	
4.237728	426.898337	426.855175	333.051983	333.008821	
4.247961	427.021169	426.977348	333.174815	333.130994	
4.268074	427.262525	427.230421	333.416171	333.37534	
4.272592	427.316681	427.282781	333.470327	333.4277	
4.282815	427.439369	427.413681	333.593015	333.549873	
4.293195	427.563941	427.535854	333.717587	333.680773	
4.302974	427.681277	427.658027	333.834923	333.794219	
4.313106	427.802873	427.7802	333.956519	333.916392	
4.32322	427.924217	427.902373	334.077863	334.038566	
4.333319	428.045369	428.024546	334.199015	334.160739	
4.344624	428.181137	428.146719	334.334783	334.282912	
4.361936	428.388845	428.268892	334.542491	334.501078	
4.366379	428.442125	428.417245	334.595771	334.562164	
4.37656	428.564285	428.530691	334.717931	334.675611	
4.386631	428.685125	428.652864	334.838771	334.789057	
4.396836	428.807609	428.775037	334.961255	334.91123	
4.40792	428.940737	428.89721	335.094383	335.033403	
4.417064	429.050345	429.010657	335.203991	335.14685	
4.427186	429.171809	429.124103	335.325455	335.269023	
4.437296	429.293141	429.246276	335.446787	335.391196	
4.4487	429.429989	429.377176	335.583635	335.522095	
4.458818	429.551417	429.490622	335.705063	335.644268	
4.468929	429.672725	429.612795	335.826371	335.766441	
4.479042	429.794093	429.726242	335.947739	335.888615	
4.490605	429.932921	429.848415	336.086567	336.002061	
4.499335	430.037597	429.961861	336.191243	336.132961	
4.509525	430.159925	430.084034	336.313571	336.246407	
4.51965	430.281365	430.206207	336.435011	336.36858	
4.529782	430.402937	430.32838	336.556583	336.49948	
4.539868	430.524005	430.450553	336.677651	336.621653	
4.550143	430.647329	430.581453	336.800975	336.743826	
4.560511	430.771757	430.712353	336.925403	336.865999	
4.570606	430.892873	430.834526	337.046519	336.996899	
4.580726	431.014289	430.965426	337.167935	337.119072	
4.59087	431.136065	431.096325	337.289711	337.232518	
4.600991	431.257469	431.218498	337.411115	337.363418	
4.611123	431.379053	431.349398	337.532699	337.494317	
4.621297	431.501165	431.480298	337.654811	337.607764	
4.631412	431.622497	431.602471	337.776143	337.738664	
4.642003	431.749649	431.73337	337.903295	337.860837	
4.651739	431.866481	431.86427	338.020127	337.98301	
4.661934	431.988845	431.986443	338.142491	338.113909	
4.672081	432.110573	432.108616	338.264219	338.236082	
4.682122	432.231053	432.230789	338.384699	338.358255	
4.692294	432.353117	432.344236	338.506763	338.480428	
4.702408	432.474485	432.457682	338.628131	338.602602	
4.720526	432.691937	432.579855	338.845583	338.820768	
4.72497	432.745205	432.719481	338.898851	338.873128	
4.735097	432.866729	432.841654	339.020375	338.995301	
4.745262	432.988721	432.963828	339.142367	339.117474	
4.755507	433.111745	433.086001	339.265391	339.23092	
4.765645	433.233317	433.199447	339.386963	339.344366	
4.77576	433.354697	433.312893	339.508343	339.46654	
4.785832	433.475537	433.435066	339.629183	339.588713	
4.796049	433.598165	433.557239	339.751811	339.702159	
4.80618	433.719737	433.670686	339.873383	339.815605	
4.816357	433.841861	433.784132	339.995507	339.937778	
4.826504	433.963637	433.906305	340.117283	340.059951	
4.836595	434.084705	434.028478	340.238351	340.182125	
4.846816	434.207417	434.141925	340.361063	340.304298	
4.857017	434.329877	434.264098	340.483523	340.426471	
4.867121	434.451017	434.386271	340.604663	340.539917	
4.877204	434.572061	434.508444	340.725707	340.66209	
4.887391	434.694281	434.630617	340.847927	340.79299	
4.897624	434.817077	434.761517	340.970723	340.915163	
4.907657	434.937449	434.88369	341.091095	341.028609	
4.917852	435.059837	435.005863	341.213483	341.159509	
4.928096	435.182753	435.128036	341.336399	341.281682	
4.938126	435.303077	435.258936	341.456723	341.403855	
4.948299	435.425165	435.381109	341.578811	341.526028	
4.958509	435.547733	435.512008	341.701379	341.656928	
4.968652	435.669413	435.634181	341.823059	341.779101	
4.978778	435.790925	435.756354	341.944571	341.901274	
4.988876	435.912089	435.878527	342.065735	342.032174	
4.999025	436.033877	436.0007	342.187523	342.14562	
5.009212	436.156169	436.122873	342.309815	342.267793	
5.019298	436.277117	436.245047	342.430763	342.398693	
5.029524	436.399889	436.358493	342.553535	342.512139	
5.039627	436.521113	436.480666	342.674759	342.625585	
5.049753	436.642601	436.602839	342.796247	342.747759	
5.060212	436.768265	436.725012	342.921911	342.869932	
5.070364	436.889957	436.838458	343.043603	342.992105	
5.080456	437.011073	436.960632	343.164719	343.096824	
5.090598	437.132789	437.074078	343.286435	343.218997	
5.10067	437.253653	437.196251	343.407299	343.34117	
5.11091	437.376497	437.318424	343.530143	343.454617	
5.121	437.497577	437.43187	343.651223	343.57679	
5.131203	437.620001	437.554043	343.773647	343.698963	
5.141277	437.740901	437.676217	343.894547	343.821136	
5.151731	437.866409	437.79839	344.020055	343.934582	
5.16984	438.083741	438.025282	344.237387	344.170202	
5.174411	438.138509	438.086369	344.292155	344.231288	
5.18455	438.260189	438.208542	344.413835	344.353461	
5.19466	438.381497	438.330715	344.535143	344.484361	
5.204851	438.503837	438.461615	344.657483	344.606534	
5.215032	438.625949	438.583788	344.779595	344.737434	
5.225154	438.747425	438.714687	344.901071	344.859607	
5.235258	438.868661	438.845587	345.022307	344.990507	
5.245382	438.990173	438.96776	345.143819	345.11268	
5.256434	439.122881	439.089933	345.276527	345.243579	
5.266008	439.237709	439.220833	345.391355	345.374479	
5.275925	439.356677	439.343006	345.510323	345.496652	
5.286071	439.478429	439.473906	345.632075	345.618825	
5.29627	439.600829	439.596079	345.754475	345.749725	
5.306389	439.722257	439.718252	345.875903	345.871898	
5.316514	439.843721	439.840425	345.997367	345.985344	
5.326693	439.965881	439.953871	346.119527	346.107517	
5.336843	440.087693	440.076044	346.241339	346.22969	
5.346927	440.208689	440.189491	346.362335	346.343137	
5.357808	440.339369	440.302937	346.493015	346.456583	
5.367301	440.453225	440.416383	346.606871	346.57003	
5.377432	440.574761	440.538556	346.728407	346.683476	
5.387577	440.696489	440.643276	346.850135	346.796922	
5.397711	440.818109	440.765449	346.971755	346.910369	
5.408719	440.950277	440.878896	347.103923	347.041268	
5.417934	441.060773	440.992342	347.214419	347.145988	
5.428072	441.182429	441.105789	347.336075	347.250708	
5.43822	441.304241	441.227962	347.457887	347.372881	
5.44838	441.426137	441.341408	347.579783	347.495054	
5.459192	441.555989	441.463581	347.709635	347.6085	
5.468678	441.669761	441.585754	347.823407	347.730674	
5.478804	441.791237	441.707927	347.944883	347.861573	
5.488889	441.912245	441.8301	348.065891	347.983746	
5.499037	442.034009	441.952273	348.187655	348.105919	
5.509208	442.156085	442.074446	348.309731	348.236819	
5.519333	442.277549	442.205346	348.431195	348.367719	
5.529527	442.399925	442.336246	348.553571	348.489892	
5.539676	442.521701	442.458419	348.675347	348.612065	
5.549736	442.641491	442.589318	348.795138	348.742964	
5.569602	442.875273	442.720218	349.02892	348.996037	
5.582014	443.02054	442.999471	349.174186	349.153117	
5.586448	443.072428	443.051831	349.226074	349.205477	
5.596566	443.190081	443.18273	349.343727	349.32765	
5.606837	443.308948	443.31363	349.462594	349.449823	
5.616904	443.424821	443.435803	349.578468	349.571996	
5.627044	443.540863	443.557976	349.694509	349.694169	
5.63717	443.656224	443.680149	349.80987	349.807615	
5.647303	443.770972	443.793596	349.924619	349.929788	
5.657464	443.885444	443.915769	350.039091	350.043235	
5.667961	444.003134	444.029215	350.156781	350.147955	
5.67775	444.112186	444.133935	350.265832	350.261401	
5.688177	444.227781	444.238655	350.381427	350.374847	
5.697986	444.335872	444.343374	350.489518	350.479567	
5.708187	444.447741	444.448094	350.601387	350.593013	
5.718326	444.558319	444.544087	350.711965	350.697733	
5.728487	444.668477	444.648807	350.822123	350.81118	
5.738584	444.7774	444.7448	350.931046	350.915899	
5.748695	444.8858	444.84952	351.039446	351.020619	
5.75891	444.994721	444.95424	351.148367	351.134066	
5.769049	445.102253	445.050233	351.2559	351.247512	
5.779213	445.209319	445.154952	351.362965	351.352232	
5.78932	445.31526	445.268399	351.468907	351.456951	
5.799464	445.420986	445.373119	351.574632	351.570398	
5.817833	445.609957	445.565105	351.763603	351.771111	
5.82229	445.655849	445.617465	351.809496	351.814744	
5.832456	445.759754	445.722184	351.9134	351.919464	
5.842847	445.865359	445.835631	352.019005	352.03291	
5.852718	445.965065	445.949077	352.118711	352.128903	
5.864412	446.082451	446.053797	352.236098	352.233623	
5.872978	446.167942	446.167243	352.321588	352.329616	
5.883085	446.268188	446.28069	352.421834	352.434336	
5.893221	446.368129	446.385409	352.521775	352.530329	
5.903311	446.46707	446.490129	352.620716	352.626322	
5.913505	446.566379	446.594849	352.720025	352.722315	
5.923613	446.664206	446.699569	352.817852	352.818308	
5.933772	446.761959	446.795562	352.915606	352.905575	
5.944114	446.860831	446.891555	353.014477	353.001568	
5.95406	446.955292	446.987548	353.108938	353.088834	
5.965793	447.065971	447.083541	353.219617	353.184827	
5.97493	447.151615	447.162081	353.305261	353.280821	
5.98465	447.242149	447.249347	353.395795	353.368087	
5.994802	447.33611	447.336614	353.489756	353.455353	
6.005056	447.430451	447.415154	353.584097	353.54262	
6.015139	447.522537	447.50242	353.676184	353.638613	
6.025258	447.61437	447.589687	353.768016	353.72588	
6.035393	447.705746	447.668226	353.859392	353.821873	
6.045557	447.797087	447.755493	353.950733	353.909139	
6.055695	447.886981	447.834033	354.040627	354.005132	
6.067017	447.986924	447.921299	354.14057	354.092399	
6.076041	448.066122	448.008566	354.219768	354.188392	
6.086201	448.154627	448.095832	354.308273	354.284385	
6.096386	448.242723	448.183099	354.396369	354.371651	
6.106423	448.328988	448.279092	354.482634	354.458918	
6.116633	448.416114	448.366358	354.56976	354.546184	
6.126797	448.502201	448.453625	354.655847	354.633451	
6.13692	448.587384	448.549618	354.74103	354.720717	
6.147053	448.671999	448.636884	354.825645	354.807984	
6.157361	448.757464	448.724151	354.91111	354.89525	
6.16847	448.848866	448.820144	355.002512	354.982517	
6.177728	448.924453	448.90741	355.078099	355.069783	
6.187886	449.006909	449.003403	355.160555	355.148323	
6.197937	449.08774	449.09067	355.241386	355.226863	
6.208095	449.168912	449.177936	355.322558	355.314129	
6.218207	449.249111	449.265203	355.402757	355.392669	
6.228377	449.329107	449.343743	355.482754	355.471209	
6.238479	449.407996	449.431009	355.561642	355.549749	
6.24862	449.486578	449.509549	355.640224	355.628288	
6.269897	449.648143	449.666628	355.80179	355.785368	
6.274441	449.682658	449.710262	355.836304	355.829001	
6.28463	449.759448	449.788802	355.913094	355.907541	
6.294802	449.835467	449.858615	355.989114	355.977354	
6.304915	449.910471	449.928428	356.064117	356.055894	
6.315092	449.98531	449.998241	356.138957	356.125707	
6.325217	450.059176	450.068054	356.212822	356.204247	
6.335369	450.132599	450.137867	356.286245	356.27406	
6.345525	450.205467	450.207681	356.359113	356.343873	
6.355639	450.277443	450.277494	356.43109	356.422413	
6.365827	450.349301	450.347307	356.502947	356.492226	
6.376022	450.420606	450.408393	356.574252	356.56204	
6.386167	450.490918	450.478207	356.644564	356.631853	
6.396292	450.56052	450.539293	356.714166	356.701666	
6.407145	450.634466	450.609106	356.788112	356.771479	
6.416597	450.698277	450.678919	356.851923	356.832566	
6.426659	450.765605	450.740006	356.919251	356.902379	
6.436792	450.832825	450.801092	356.986472	356.972192	
6.447015	450.900028	450.870906	357.053674	357.033278	
6.45729	450.966953	450.940719	357.120599	357.103092	
6.467246	451.031204	451.001805	357.18485	357.164178	
6.477818	451.098795	451.062892	357.252441	357.233991	
6.487534	451.160295	451.132705	357.313941	357.295078	
6.498414	451.228481	451.202518	357.382127	357.364891	
6.508217	451.289369	451.272331	357.443015	357.425978	
6.518334	451.351611	451.333418	357.505257	357.487064	
6.528565	451.413939	451.403231	357.567585	357.548151	
6.538638	451.474697	451.464318	357.628343	357.609237	
6.548777	451.535233	451.534131	357.688879	357.670324	
6.559141	451.59653	451.603944	357.750176	357.73141	
6.569035	451.654408	451.66503	357.808055	357.792497	
6.579266	451.713655	451.726117	357.867301	357.853583	
6.589415	451.771827	451.787204	357.925473	357.91467	
6.599571	451.829425	451.84829	357.983071	357.975756	
6.609808	451.886873	451.909377	358.040519	358.036843	
6.619816	451.942424	451.970463	358.09607	358.097929	
6.630011	451.998715	452.022823	358.152361	358.159016	
6.640214	452.053873	452.075183	358.207519	358.211376	
6.650304	452.108065	452.127543	358.261711	358.272462	
6.660433	452.161902	452.188629	358.315549	358.333549	
6.67054	452.215001	452.232262	358.368647	358.385909	
6.680714	452.267835	452.284622	358.421481	358.438268	
6.69091	452.320171	452.336982	358.473817	358.490628	
6.70098	452.371261	452.389342	358.524908	358.534262	
6.711221	452.422613	452.441702	358.576259	358.586621	
6.721706	452.474543	452.485335	358.628189	358.630255	
6.731395	452.521968	452.528968	358.675614	358.682615	
6.742551	452.57585	452.581328	358.729496	358.734974	
6.76046	452.66003	452.633688	358.813677	358.813514	
6.764897	452.680966	452.686048	358.834612	358.839694	
6.776351	452.733978	452.738408	358.887624	358.874601	
6.785232	452.774674	452.782041	358.92832	358.926961	
6.795348	452.820371	452.825674	358.974017	358.961867	
6.805508	452.865682	452.878034	359.019328	359.0055	
6.815606	452.910139	452.921668	359.063785	359.049134	
6.825863	452.95466	452.965301	359.108306	359.092767	
6.835941	452.997807	453.000207	359.151453	359.1364	
6.846105	453.040727	453.043841	359.194373	359.180033	
6.856339	453.083319	453.087474	359.236965	359.21494	
6.866351	453.124419	453.12238	359.278065	359.258573	
6.877656	453.170205	453.166014	359.323851	359.29348	
6.887081	453.207599	453.20092	359.361245	359.337113	
6.896827	453.245851	453.244553	359.399497	359.37202	
6.906954	453.285005	453.27946	359.438651	359.415653	
6.917057	453.323481	453.314367	359.477127	359.450559	
6.92726	453.361721	453.349273	359.515367	359.485466	
6.937398	453.399119	453.38418	359.552765	359.529099	
6.947547	453.435958	453.419086	359.589604	359.572732	
6.957705	453.472227	453.46272	359.625873	359.607639	
6.967945	453.508183	453.497626	359.661829	359.642546	
6.979079	453.54654	453.532533	359.700186	359.677452	
6.988452	453.578334	453.567439	359.73198	359.712359	
6.998248	453.611004	453.602346	359.76465	359.747265	
7.008475	453.644497	453.637253	359.798143	359.782172	
7.018488	453.676708	453.672159	359.830354	359.817079	
7.028678	453.70889	453.698339	359.862536	359.851985	
7.03887	453.740473	453.733246	359.894119	359.878165	
7.04898	453.771209	453.768152	359.924855	359.913072	
7.059256	453.801845	453.794332	359.955491	359.939252	
7.06922	453.830974	453.829239	359.98462	359.974158	
7.080512	453.863225	453.855419	360.016871	360.009065	
7.08992	453.889619	453.890325	360.043265	360.035245	
7.099661	453.916371	453.916505	360.070017	360.061425	
7.109791	453.943708	453.942685	360.097354	360.096331	
7.11989	453.970184	453.968865	360.12383	360.122511	
7.130085	453.996406	453.995045	360.150053	360.148691	
7.140208	454.021852	454.021225	360.175498	360.174871	
7.15036	454.046787	454.047405	360.200433	360.201051	
7.160512	454.071128	454.073585	360.224774	360.218504	
7.170588	454.094712	454.091038	360.248359	360.244684	
7.181954	454.120529	454.117218	360.274175	360.270864	
7.194931	454.149006	454.143398	360.302652	360.297044	
7.204818	454.170194	454.169578	360.323841	360.323224	
7.214911	454.19124	454.187031	360.344886	360.340677	
7.225026	454.211772	454.204485	360.365418	360.358131	
7.235168	454.231768	454.221938	360.385414	360.375584	
7.245278	454.251123	454.239391	360.404769	360.393037	
7.255464	454.270037	454.256844	360.423683	360.410491	
7.265613	454.288303	454.274298	360.441949	360.427944	
7.275735	454.305946	454.291751	360.459592	360.445397	
7.286002	454.323244	454.309204	360.47689	360.46285	
7.29654	454.340368	454.326658	360.494014	360.471577	
7.306271	454.355664	454.335384	360.50931	360.480304	
7.316408	454.371019	454.344111	360.524665	360.48903	
7.326514	454.385763	454.361564	360.539409	360.497757	
7.33676	454.400125	454.370291	360.553771	360.506484	
7.346849	454.413706	454.379017	360.567352	360.51521	
7.357002	454.426803	454.387744	360.580449	360.523937	
7.367157	454.43934	454.396471	360.592986	360.532664	
7.377454	454.451471	454.405197	360.605117	360.54139	
7.387494	454.462751	454.413924	360.616397	360.550117	
7.397629	454.473578	454.413924	360.627225	360.56757	
7.408836	454.484855	454.422651	360.638501	360.576297	
7.417967	454.49363	454.431377	360.647276	360.585023	
7.428029	454.502744	454.431377	360.656391	360.59375	
7.438173	454.511388	454.440104	360.665034	360.602477	
7.448428	454.519572	454.448831	360.673218	360.61993	
7.458479	454.527072	454.457557	360.680718	360.628657	
7.468617	454.534107	454.466284	360.687754	360.637383	
7.478752	454.54062	454.475011	360.694266	360.654837	
7.488933	454.546637	454.483737	360.700283	360.654837	
7.508511	454.555846	454.501191	360.709492	360.67229	
7.513007	454.558036	454.501191	360.711682	360.681017	
7.523087	454.56235	454.518644	360.715996	360.689743	
7.533433	454.566292	454.52737	360.719938	360.689743	
7.543389	454.569659	454.536097	360.723305	360.69847	
7.553511	454.572647	454.544824	360.726293	360.69847	
7.563876	454.575265	454.55355	360.728911	360.69847	
7.574004	454.577432	454.562277	360.731078	360.69847	
7.593145	454.579861	454.571004	360.733508	360.69847	
7.597656	454.584774	454.571004	360.73842	360.69847	
7.607783	454.584774	454.571004	360.73842	360.69847	
7.617995	454.584774	454.571004	360.73842	360.69847	
7.628051	454.584774	454.571004	360.73842	360.69847	
7.638201	454.584774	454.571004	360.73842	360.69847	
7.648462	454.584774	454.562277	360.73842	360.69847	
7.658511	454.584774	454.562277	360.73842	360.69847	
7.66864	454.584774	454.562277	360.73842	360.69847	
7.67875	454.584774	454.562277	360.73842	360.69847	
7.690204	454.584774	454.562277	360.73842	360.69847	
7.699417	454.584774	454.562277	360.73842	360.69847	
7.709255	454.584774	454.562277	360.73842	360.69847	
7.719375	454.584774	454.562277	360.73842	360.69847	
7.729487	454.584774	454.562277	360.73842	360.69847	
7.739631	454.584774	454.571004	360.73842	360.69847	
7.749828	454.584774	454.571004	360.73842	360.69847	
7.759934	454.584774	454.571004	360.73842	360.69847	
7.770112	454.584774	454.571004	360.73842	360.69847	
7.780444	454.584774	454.571004	360.73842	360.69847	
7.791496	454.584774	454.562277	360.73842	360.69847	
7.800597	454.584774	454.562277	360.73842	360.69847	
7.810681	454.584774	454.562277	360.73842	360.69847	
7.820816	454.584774	454.562277	360.73842	360.69847	
7.830936	454.584774	454.562277	360.73842	360.69847	
7.841145	454.584774	454.562277	360.73842	360.69847	
7.851241	454.584774	454.562277	360.73842	360.69847	
7.861356	454.584774	454.562277	360.73842	360.69847	
7.871478	454.584774	454.571004	360.73842	360.69847	
7.881873	454.584774	454.571004	360.73842	360.69847	
7.892903	454.584774	454.571004	360.73842	360.69847	
7.901884	454.584774	454.571004	360.73842	360.69847	
7.91203	454.584774	454.571004	360.73842	360.69847	
7.922131	454.584774	454.562277	360.73842	360.69847	
7.93228	454.584774	454.562277	360.73842	360.69847	
7.942411	454.584774	454.562277	360.73842	360.69847	
7.960528	454.584774	454.562277	360.73842	360.69847	
7.964959	454.584774	454.562277	360.73842	360.69847	
7.975112	454.584774	454.562277	360.73842	360.69847	
7.985218	454.584774	454.562277	360.73842	360.69847	
7.995663	454.584774	454.562277	360.73842	360.69847	
8.005877	454.584774	454.571004	360.73842	360.69847	
8.015913	454.584774	454.571004	360.73842	360.69847	
8.026069	454.584774	454.571004	360.73842	360.69847	
8.036172	454.584774	454.571004	360.73842	360.69847	
8.046384	454.584774	454.571004	360.73842	360.69847	
8.056535	454.584774	454.562277	360.73842	360.69847	
8.066695	454.584774	454.562277	360.73842	360.69847	
8.076775	454.584774	454.562277	360.73842	360.69847	
8.086955	454.584774	454.562277	360.73842	360.69847	
8.097364	454.584774	454.562277	360.73842	360.69847	
8.107528	454.584774	454.562277	360.73842	360.69847	
8.11761	454.584774	454.562277	360.73842	360.69847	
8.12778	454.584774	454.562277	360.73842	360.69847	
8.137975	454.584774	454.571004	360.73842	360.69847	
8.148121	454.584774	454.571004	360.73842	360.69847	
8.15828	454.584774	454.571004	360.73842	360.69847	
8.168505	454.584774	454.571004	360.73842	360.69847	
8.178566	454.584774	454.571004	360.73842	360.69847	
8.188656	454.584774	454.562277	360.73842	360.69847	
8.198973	454.584774	454.562277	360.73842	360.69847	
8.209082	454.584774	454.562277	360.73842	360.69847	
8.219182	454.584774	454.562277	360.73842	360.69847	
8.22934	454.584774	454.562277	360.73842	360.69847	
8.239433	454.584774	454.562277	360.73842	360.69847	
8.24957	454.584774	454.562277	360.73842	360.69847	
8.268898	454.584774	454.571004	360.73842	360.69847	
8.273333	454.584774	454.571004	360.73842	360.69847	
8.283449	454.584774	454.571004	360.73842	360.69847	
8.293614	454.584774	454.571004	360.73842	360.69847	
8.303901	454.584774	454.562277	360.73842	360.69847	
8.32198	454.584774	454.562277	360.73842	360.69847	
8.326425	454.584774	454.562277	360.73842	360.69847	
8.336584	454.584774	454.562277	360.73842	360.69847	
8.346724	454.584774	454.562277	360.73842	360.69847	
8.356863	454.584774	454.562277	360.73842	360.69847	
8.367044	454.584774	454.562277	360.73842	360.69847	
8.377163	454.584774	454.562277	360.73842	360.69847	
8.387267	454.584774	454.562277	360.73842	360.69847	
8.398066	454.584774	454.571004	360.73842	360.69847	
8.407843	454.584774	454.571004	360.73842	360.69847	
8.417787	454.584774	454.571004	360.73842	360.69847	
8.427862	454.584774	454.571004	360.73842	360.69847	
8.43801	454.584774	454.571004	360.73842	360.69847	
8.448139	454.584774	454.562277	360.73842	360.69847	
8.458298	454.584774	454.562277	360.73842	360.69847	
8.468433	454.584774	454.562277	360.73842	360.69847	
8.478541	454.584774	454.562277	360.73842	360.69847	
8.488724	454.584774	454.562277	360.73842	360.69847	
8.500769	454.584774	454.562277	360.73842	360.69847	
8.509056	454.584774	454.562277	360.73842	360.69847	
8.51917	454.584774	454.562277	360.73842	360.69847	
8.52931	454.584774	454.571004	360.73842	360.69847	
8.539411	454.584774	454.571004	360.73842	360.69847	
8.549567	454.584774	454.571004	360.73842	360.69847	
8.559737	454.584774	454.571004	360.73842	360.69847	
8.577866	454.584774	454.562277	360.73842	360.69847	
8.5823	454.584774	454.562277	360.73842	360.69847	
8.601526	454.584774	454.562277	360.73842	360.69847	
8.606379	454.584774	454.562277	360.73842	360.69847	
8.616179	454.584774	454.562277	360.73842	360.69847	
8.626299	454.584774	454.562277	360.73842	360.69847	
8.636402	454.584774	454.562277	360.73842	360.69847	
8.646624	454.584774	454.562277	360.73842	360.69847	
8.65677	454.584774	454.571004	360.73842	360.69847	
8.666894	454.584774	454.571004	360.73842	360.69847	
8.676998	454.584774	454.571004	360.73842	360.69847	
8.687175	454.584774	454.571004	360.73842	360.69847	
8.697306	454.584774	454.562277	360.73842	360.69847	
8.707801	454.584774	454.562277	360.73842	360.69847	
8.717621	454.584774	454.562277	360.73842	360.69847	
8.727783	454.584774	454.562277	360.73842	360.69847	
8.745836	454.584774	454.562277	360.73842	360.69847	
8.750514	454.584774	454.562277	360.73842	360.69847	
8.760642	454.584774	454.562277	360.73842	360.69847	
8.7706	454.584774	454.562277	360.73842	360.69847	
8.780877	454.584774	454.571004	360.73842	360.69847	
8.799032	454.584774	454.571004	360.73842	360.69847	
8.804153	454.584774	454.571004	360.73842	360.69847	
8.813669	454.584774	454.571004	360.73842	360.69847	
8.823774	454.584774	454.562277	360.73842	360.69847	
8.834012	454.584774	454.562277	360.73842	360.69847	
8.852332	454.584774	454.562277	360.73842	360.69847	
8.856816	454.584774	454.562277	360.73842	360.69847	
8.866929	454.584774	454.562277	360.73842	360.69847	
8.877047	454.584774	454.562277	360.73842	360.69847	
8.887278	454.584774	454.562277	360.73842	360.69847	
8.897334	454.584774	454.562277	360.73842	360.69847	
8.908252	454.584774	454.571004	360.73842	360.69847	
8.918391	454.584774	454.571004	360.73842	360.69847	
8.928603	454.584774	454.571004	360.73842	360.69847	
8.938648	454.584774	454.571004	360.73842	360.69847	
8.948748	454.584774	454.562277	360.73842	360.69847	
8.958945	454.584774	454.562277	360.73842	360.69847	
8.969064	454.584774	454.562277	360.73842	360.69847	
8.979219	454.584774	454.562277	360.73842	360.69847	
8.989306	454.584774	454.562277	360.73842	360.69847	
8.999445	454.584774	454.562277	360.73842	360.69847	
9.009773	454.584774	454.562277	360.73842	360.69847	
9.019945	454.584774	454.562277	360.73842	360.69847	
9.0301	454.584774	454.571004	360.73842	360.69847	
9.040209	454.584774	454.571004	360.73842	360.69847	
9.05054	454.584774	454.571004	360.73842	360.69847	
9.060421	454.584774	454.571004	360.73842	360.69847	
9.070621	454.584774	454.562277	360.73842	360.69847	
9.080738	454.584774	454.562277	360.73842	360.69847	
9.09089	454.584774	454.562277	360.73842	360.69847	
9.10094	454.584774	454.562277	360.73842	360.69847	
9.111297	454.584774	454.562277	360.73842	360.69847	
9.121569	454.584774	454.562277	360.73842	360.69847	
9.131663	454.584774	454.562277	360.73842	360.69847	
9.141778	454.584774	454.562277	360.73842	360.69847	
9.152011	454.584774	454.571004	360.73842	360.69847	
9.162166	454.584774	454.571004	360.73842	360.69847	
9.172255	454.584774	454.571004	360.73842	360.69847	
9.182384	454.584774	454.571004	360.73842	360.69847	
9.200575	454.584774	454.562277	360.73842	360.69847	
9.20502	454.584774	454.562277	360.73842	360.69847	
9.215306	454.584774	454.562277	360.73842	360.69847	
9.225422	454.584774	454.562277	360.73842	360.69847	
9.235469	454.584774	454.562277	360.73842	360.69847	
9.245624	454.584774	454.562277	360.73842	360.69847	
9.255854	454.584774	454.562277	360.73842	360.69847	
9.266052	454.584774	454.562277	360.73842	360.69847	
9.276079	454.584774	454.571004	360.73842	360.69847	
9.286271	454.584774	454.571004	360.73842	360.69847	
9.296429	454.584774	454.571004	360.73842	360.69847	
9.306543	454.584774	454.571004	360.73842	360.69847	
9.316773	454.584774	454.562277	360.73842	360.69847	
9.326923	454.584774	454.562277	360.73842	360.69847	
9.337067	454.584774	454.562277	360.73842	360.69847	
9.347139	454.584774	454.562277	360.73842	360.69847	
9.357339	454.584774	454.562277	360.73842	360.69847	
9.367469	454.584774	454.562277	360.73842	360.69847	
9.377619	454.584774	454.562277	360.73842	360.69847	
9.387766	454.584774	454.562277	360.73842	360.69847	
9.397853	454.584774	454.571004	360.73842	360.69847	
9.40804	454.584774	454.571004	360.73842	360.69847	
9.41823	454.584774	454.571004	360.73842	360.69847	
9.428378	454.584774	454.571004	360.73842	360.69847	
9.438486	454.584774	454.562277	360.73842	360.69847	
9.448685	454.584774	454.562277	360.73842	360.69847	
9.458736	454.584774	454.562277	360.73842	360.69847	
9.468919	454.584774	454.562277	360.73842	360.69847	
9.479001	454.584774	454.562277	360.73842	360.69847	
9.489147	454.584774	454.562277	360.73842	360.69847	
9.499315	454.584774	454.562277	360.73842	360.69847	
9.509437	454.584774	454.562277	360.73842	360.69847	
9.519675	454.584774	454.571004	360.73842	360.69847	
9.529822	454.584774	454.571004	360.73842	360.69847	
9.539911	454.584774	454.571004	360.73842	360.69847	
9.550108	454.584774	454.571004	360.73842	360.69847	
9.560421	454.584774	454.562277	360.73842	360.69847	
9.570374	454.584774	454.562277	360.73842	360.69847	
9.580476	454.584774	454.562277	360.73842	360.69847	
9.590598	454.584774	454.562277	360.73842	360.69847	
9.600779	454.584774	454.562277	360.73842	360.69847	
9.610839	454.584774	454.562277	360.73842	360.69847	
9.621281	454.584774	454.562277	360.73842	360.69847	
9.63128	454.584774	454.562277	360.73842	360.69847	
9.641581	454.584774	454.571004	360.73842	360.69847	
9.651455	454.584774	454.571004	360.73842	360.69847	
9.661911	454.584774	454.571004	360.73842	360.69847	
9.671709	454.584774	454.571004	360.73842	360.69847	
9.681837	454.584774	454.562277	360.73842	360.69847	
9.691985	454.584774	454.562277	360.73842	360.69847	
9.702097	454.584774	454.562277	360.73842	360.69847	
9.712238	454.584774	454.562277	360.73842	360.69847	
9.722682	454.584774	454.562277	360.73842	360.69847	
9.732763	454.584774	454.562277	360.73842	360.69847	
9.742922	454.584774	454.562277	360.73842	360.69847	
9.75293	454.584774	454.571004	360.73842	360.69847	
9.763355	454.584774	454.571004	360.73842	360.69847	
9.773038	454.584774	454.571004	360.73842	360.69847	
9.783459	454.584774	454.571004	360.73842	360.69847	
9.793339	454.584774	454.562277	360.73842	360.69847	
9.803428	454.584774	454.562277	360.73842	360.69847	
9.81359	454.584774	454.562277	360.73842	360.69847	
9.824161	454.584774	454.562277	360.73842	360.69847	
9.834069	454.584774	454.562277	360.73842	360.69847	
9.84413	454.584774	454.562277	360.73842	360.69847	
9.854159	454.584774	454.562277	360.73842	360.69847	
9.864739	454.584774	454.562277	360.73842	360.69847	
9.874676	454.584774	454.571004	360.73842	360.69847	
9.884866	454.584774	454.571004	360.73842	360.69847	
9.895011	454.584774	454.571004	360.73842	360.69847	
9.905122	454.584774	454.571004	360.73842	360.69847	
9.915285	454.584774	454.562277	360.73842	360.69847	
9.925516	454.584774	454.562277	360.73842	360.69847	
9.935643	454.584774	454.562277	360.73842	360.69847	
9.945808	454.584774	454.562277	360.73842	360.69847	
9.955881	454.584774	454.562277	360.73842	360.69847	
9.966065	454.584774	454.562277	360.73842	360.69847	
9.976228	454.584774	454.562277	360.73842	360.69847	
9.986317	454.584774	454.562277	360.73842	360.69847	
9.996491	454.584774	454.571004	360.73842	360.69847	
10.00672	454.584774	454.571004	360.73842	360.69847	
10.01681	454.584774	454.571004	360.73842	360.69847	
10.02723	454.584774	454.571004	360.73842	360.69847	
10.03709	454.584774	454.562277	360.73842	360.69847	
10.04731	454.584774	454.562277	360.73842	360.69847	
10.05736	454.584774	454.562277	360.73842	360.69847	
10.06754	454.584774	454.562277	360.73842	360.69847	
10.07764	454.584774	454.562277	360.73842	360.69847	
10.08784	454.584774	454.562277	360.73842	360.69847	
10.09801	454.584774	454.562277	360.73842	360.69847	
10.10808	454.584774	454.562277	360.73842	360.69847	
10.11828	454.584774	454.571004	360.73842	360.69847	
10.12852	454.584774	454.571004	360.73842	360.69847	
10.13865	454.584774	454.571004	360.73842	360.69847	
10.14875	454.584774	454.571004	360.73842	360.69847	
10.15884	454.584774	454.562277	360.73842	360.69847	
10.16904	454.584774	454.562277	360.73842	360.69847	
10.17916	454.584774	454.562277	360.73842	360.69847	
10.1893	454.584774	454.562277	360.73842	360.69847	
10.19943	454.584774	454.562277	360.73842	360.69847	
10.20955	454.584774	454.562277	360.73842	360.69847	
10.22094	454.584774	454.562277	360.73842	360.69847	
10.22992	454.584774	454.562277	360.73842	360.69847	
10.24	454.584774	454.571004	360.73842	360.69847	
10.25062	454.584774	454.571004	360.73842	360.69847	
10.27044	454.584774	454.571004	360.73842	360.69847	
10.27495	454.584774	454.571004	360.73842	360.69847	
10.28513	454.584774	454.562277	360.73842	360.69847	
10.29532	454.584774	454.562277	360.73842	360.69847	
10.30542	454.584774	454.562277	360.73842	360.69847	
10.31551	454.584774	454.562277	360.73842	360.69847	
10.32642	454.584774	454.562277	360.73842	360.69847	
10.33667	454.584774	454.562277	360.73842	360.69847	
10.34673	454.584774	454.562277	360.73842	360.69847	
10.35685	454.584774	454.562277	360.73842	360.69847	
10.36696	454.584774	454.571004	360.73842	360.69847	
10.37715	454.584774	454.571004	360.73842	360.69847	
10.38729	454.584774	454.571004	360.73842	360.69847	
10.39742	454.584774	454.571004	360.73842	360.69847	
10.40757	454.584774	454.562277	360.73842	360.69847	
10.41827	454.584774	454.562277	360.73842	360.69847	
10.42839	454.584774	454.562277	360.73842	360.69847	
10.43855	454.584774	454.562277	360.73842	360.69847	
10.44873	454.584774	454.562277	360.73842	360.69847	
10.45886	454.584774	454.562277	360.73842	360.69847	
10.46892	454.584774	454.562277	360.73842	360.69847	
10.47909	454.584774	454.562277	360.73842	360.69847	
10.48921	454.584774	454.571004	360.73842	360.69847	
10.49937	454.584774	454.571004	360.73842	360.69847	
10.50953	454.584774	454.571004	360.73842	360.69847	
10.51965	454.584774	454.571004	360.73842	360.69847	
10.52986	454.584774	454.562277	360.73842	360.69847	
10.54008	454.584774	454.562277	360.73842	360.69847	
10.55014	454.584774	454.562277	360.73842	360.69847	
10.56031	454.584774	454.562277	360.73842	360.69847	
10.57059	454.584774	454.562277	360.73842	360.69847	
10.58059	454.584774	454.562277	360.73842	360.69847	
10.59069	454.584774	454.562277	360.73842	360.69847	
10.60086	454.584774	454.562277	360.73842	360.69847	
10.61097	454.584774	454.571004	360.73842	360.69847	
10.62107	454.584774	454.571004	360.73842	360.69847	
10.63135	454.584774	454.571004	360.73842	360.69847	
10.64157	454.584774	454.571004	360.73842	360.69847	
10.65158	454.584774	454.562277	360.73842	360.69847	
10.66169	454.584774	454.562277	360.73842	360.69847	
10.67198	454.584774	454.562277	360.73842	360.69847	
10.68196	454.584774	454.562277	360.73842	360.69847	
10.69228	454.584774	454.562277	360.73842	360.69847	
10.70237	454.584774	454.562277	360.73842	360.69847	
10.72055	454.584774	454.562277	360.73842	360.69847	
10.725	454.584774	454.562277	360.73842	360.69847	
10.73524	454.584774	454.571004	360.73842	360.69847	
10.74536	454.584774	454.571004	360.73842	360.69847	
10.75564	454.584774	454.571004	360.73842	360.69847	
10.7656	454.584774	454.571004	360.73842	360.69847	
10.77577	454.584774	454.562277	360.73842	360.69847	
10.7859	454.584774	454.562277	360.73842	360.69847	
10.79604	454.584774	454.562277	360.73842	360.69847	
10.80623	454.584774	454.562277	360.73842	360.69847	
10.8163	454.584774	454.562277	360.73842	360.69847	
10.82648	454.584774	454.562277	360.73842	360.69847	
10.83671	454.584774	454.562277	360.73842	360.69847	
10.84683	454.584774	454.562277	360.73842	360.69847	
10.85699	454.584774	454.571004	360.73842	360.69847	
10.86706	454.584774	454.571004	360.73842	360.69847	
10.87721	454.584774	454.571004	360.73842	360.69847	
10.88741	454.584774	454.571004	360.73842	360.69847	
10.89753	454.584774	454.562277	360.73842	360.69847	
10.90765	454.584774	454.562277	360.73842	360.69847	
10.91774	454.584774	454.562277	360.73842	360.69847	
10.92795	454.584774	454.562277	360.73842	360.69847	
10.94638	454.584774	454.562277	360.73842	360.69847	
10.95084	454.584774	454.562277	360.73842	360.69847	
10.96103	454.584774	454.562277	360.73842	360.69847	
10.97113	454.584774	454.562277	360.73842	360.69847	
10.9813	454.584774	454.571004	360.73842	360.69847	
10.99148	454.584774	454.571004	360.73842	360.69847	
11.00153	454.584774	454.571004	360.73842	360.69847	
11.01179	454.584774	454.571004	360.73842	360.69847	
11.022	454.584774	454.562277	360.73842	360.69847	
11.03285	454.584774	454.562277	360.73842	360.69847	
11.05025	454.584774	454.562277	360.73842	360.69847	
11.05469	454.584774	454.562277	360.73842	360.69847	
11.06491	454.584774	454.562277	360.73842	360.69847	
11.07498	454.584774	454.562277	360.73842	360.69847	
11.08515	454.584774	454.562277	360.73842	360.69847	
11.09536	454.584774	454.562277	360.73842	360.69847	
11.10545	454.584774	454.571004	360.73842	360.69847	
11.11556	454.584774	454.571004	360.73842	360.69847	
11.12568	454.584774	454.571004	360.73842	360.69847	
11.13696	454.584774	454.571004	360.73842	360.69847	
11.14706	454.584774	454.562277	360.73842	360.69847	
11.15716	454.584774	454.562277	360.73842	360.69847	
11.16738	454.584774	454.562277	360.73842	360.69847	
11.17743	454.584774	454.562277	360.73842	360.69847	
11.18762	454.584774	454.562277	360.73842	360.69847	
11.19774	454.584774	454.562277	360.73842	360.69847	
11.20789	454.584774	454.562277	360.73842	360.69847	
11.21808	454.584774	454.562277	360.73842	360.69847	
11.22813	454.584774	454.571004	360.73842	360.69847	
11.23833	454.584774	454.571004	360.73842	360.69847	
11.24852	454.584774	454.571004	360.73842	360.69847	
11.25864	454.584774	454.571004	360.73842	360.69847	
11.26899	454.584774	454.562277	360.73842	360.69847	
11.27886	454.584774	454.562277	360.73842	360.69847	
11.2891	454.584774	454.562277	360.73842	360.69847	
11.29918	454.584774	454.562277	360.73842	360.69847	
11.30931	454.584774	454.562277	360.73842	360.69847	
11.3195	454.584774	454.562277	360.73842	360.69847	
11.32957	454.584774	454.562277	360.73842	360.69847	
11.3398	454.584774	454.562277	360.73842	360.69847	
11.34999	454.584774	454.571004	360.73842	360.69847	
11.36011	454.584774	454.571004	360.73842	360.69847	
11.37032	454.584774	454.571004	360.73842	360.69847	
11.38048	454.584774	454.571004	360.73842	360.69847	
11.39054	454.584774	454.562277	360.73842	360.69847	
11.40074	454.584774	454.562277	360.73842	360.69847	
11.4108	454.584774	454.562277	360.73842	360.69847	
11.42098	454.584774	454.562277	360.73842	360.69847	
11.43108	454.584774	454.562277	360.73842	360.69847	
11.4413	454.584774	454.562277	360.73842	360.69847	
11.45163	454.584774	454.562277	360.73842	360.69847	
11.46155	454.584774	454.562277	360.73842	360.69847	
11.47167	454.584774	454.571004	360.73842	360.69847	
11.48197	454.584774	454.571004	360.73842	360.69847	
11.49193	454.584774	454.571004	360.73842	360.69847	
11.50205	454.584774	454.571004	360.73842	360.69847	
11.51225	454.584774	454.562277	360.73842	360.69847	
11.52238	454.584774	454.562277	360.73842	360.69847	
11.53246	454.584774	454.562277	360.73842	360.69847	
11.54276	454.584774	454.562277	360.73842	360.69847	
11.55292	454.584774	454.562277	360.73842	360.69847	
11.56298	454.584774	454.562277	360.73842	360.69847	
11.57307	454.584774	454.562277	360.73842	360.69847	
11.58348	454.584774	454.562277	360.73842	360.69847	
11.59339	454.584774	454.571004	360.73842	360.69847	
11.60351	454.584774	454.571004	360.73842	360.69847	
11.61366	454.584774	454.571004	360.73842	360.69847	
11.62376	454.584774	454.571004	360.73842	360.69847	
11.63388	454.584774	454.562277	360.73842	360.69847	
11.65225	454.584774	454.562277	360.73842	360.69847	
11.65682	454.584774	454.562277	360.73842	360.69847	
11.66689	454.584774	454.562277	360.73842	360.69847	
11.67716	454.584774	454.562277	360.73842	360.69847	
11.68719	454.584774	454.562277	360.73842	360.69847	
11.69734	454.584774	454.562277	360.73842	360.69847	
11.70745	454.584774	454.562277	360.73842	360.69847	
11.71757	454.584774	454.571004	360.73842	360.69847	
11.72771	454.584774	454.571004	360.73842	360.69847	
11.73785	454.584774	454.571004	360.73842	360.69847	
11.74805	454.584774	454.571004	360.73842	360.69847	
11.75819	454.584774	454.571004	360.73842	360.69847	
11.76829	454.584774	454.562277	360.73842	360.69847	
11.77842	454.584774	454.562277	360.73842	360.69847	
11.78857	454.584774	454.562277	360.73842	360.69847	
11.79875	454.584774	454.562277	360.73842	360.69847	
11.80895	454.584774	454.562277	360.73842	360.69847	
11.81903	454.584774	454.562277	360.73842	360.69847	
11.82917	454.584774	454.562277	360.73842	360.69847	
11.83932	454.584774	454.562277	360.73842	360.69847	
11.84951	454.584774	454.571004	360.73842	360.69847	
11.85964	454.584774	454.571004	360.73842	360.69847	
11.86983	454.584774	454.571004	360.73842	360.69847	
11.87993	454.584774	454.571004	360.73842	360.69847	
11.89041	454.584774	454.571004	360.73842	360.69847	
11.90029	454.584774	454.562277	360.73842	360.69847	
11.91039	454.584774	454.562277	360.73842	360.69847	
11.92055	454.584774	454.562277	360.73842	360.69847	
11.93069	454.584774	454.562277	360.73842	360.69847	
11.94077	454.584774	454.562277	360.73842	360.69847	
11.95099	454.584774	454.562277	360.73842	360.69847	
11.96126	454.584774	454.562277	360.73842	360.69847	
11.9713	454.584774	454.562277	360.73842	360.69847	
11.9814	454.584774	454.571004	360.73842	360.69847	
11.99195	454.584774	454.571004	360.73842	360.69847	
12.00168	454.584774	454.571004	360.73842	360.69847	
12.01195	454.584774	454.571004	360.73842	360.69847	
12.02208	454.584774	454.571004	360.73842	360.69847	
12.03219	454.584774	454.562277	360.73842	360.69847	
12.04241	454.584774	454.562277	360.73842	360.69847	
12.05262	454.584774	454.562277	360.73842	360.69847	
12.06277	454.584774	454.562277	360.73842	360.69847	
12.07294	454.584774	454.562277	360.73842	360.69847	
12.08299	454.584774	454.562277	360.73842	360.69847	
12.09345	454.584774	454.562277	360.73842	360.69847	
12.10324	454.584774	454.562277	360.73842	360.69847	
12.11339	454.584774	454.571004	360.73842	360.69847	
12.12351	454.584774	454.571004	360.73842	360.69847	
12.1336	454.584774	454.571004	360.73842	360.69847	
12.14376	454.584774	454.571004	360.73842	360.69847	
12.15405	454.584774	454.571004	360.73842	360.69847	
12.17202	454.584774	454.562277	360.73842	360.69847	
12.1765	454.584774	454.562277	360.73842	360.69847	
12.18659	454.584774	454.562277	360.73842	360.69847	
12.19679	454.584774	454.562277	360.73842	360.69847	
12.20692	454.584774	454.562277	360.73842	360.69847	
12.2171	454.584774	454.562277	360.73842	360.69847	
12.2272	454.584774	454.562277	360.73842	360.69847	
12.2373	454.584774	454.562277	360.73842	360.69847	
12.24749	454.584774	454.571004	360.73842	360.69847	
12.26858	454.584774	454.571004	360.73842	360.69847	
12.27308	454.584774	454.571004	360.73842	360.69847	
12.28318	454.584774	454.571004	360.73842	360.69847	
12.29349	454.584774	454.571004	360.73842	360.69847	
12.30351	454.584774	454.562277	360.73842	360.69847	
12.3136	454.584774	454.562277	360.73842	360.69847	
12.32373	454.584774	454.562277	360.73842	360.69847	
12.3338	454.584774	454.562277	360.73842	360.69847	
12.36444	454.584774	454.562277	360.73842	360.69847	
12.37157	454.584774	454.562277	360.73842	360.69847	
