1.579116	454.563399	454.562277	360.690865	360.689743	
1.589271	454.565007	454.562277	360.692474	360.689743	
1.599327	454.567202	454.562277	360.694668	360.689743	
1.609528	454.570058	454.562277	360.697524	360.689743	
1.619604	454.573486	454.562277	360.700953	360.689743	
1.629788	454.577575	454.562277	360.705041	360.689743	
1.639937	454.582267	454.562277	360.709733	360.689743	
1.650078	454.587573	454.562277	360.715039	360.689743	
1.660183	454.59347	454.562277	360.720936	360.689743	
1.670359	454.600035	454.562277	360.727501	360.69847	
1.680593	454.607268	454.562277	360.734734	360.69847	
1.690972	454.615253	454.562277	360.742719	360.69847	
1.700832	454.623402	454.562277	360.750868	360.69847	
1.710976	454.632411	454.571004	360.759878	360.69847	
1.721035	454.64196	454.571004	360.769426	360.69847	
1.731252	454.65228	454.57973	360.779747	360.69847	
1.741378	454.663123	454.588457	360.790589	360.707197	
1.751525	454.674613	454.597184	360.802079	360.707197	
1.761717	454.686766	454.614637	360.814232	360.72465	
1.771789	454.699396	454.63209	360.826862	360.742103	
1.782015	454.712845	454.65827	360.840311	360.759556	
1.792291	454.727	454.675723	360.854466	360.77701	
1.802303	454.741365	454.701903	360.868831	360.80319	
1.812383	454.756454	454.719357	360.88392	360.82937	
1.822893	454.77286	454.745537	360.900326	360.855549	
1.832688	454.78871	454.771717	360.916176	360.881729	
1.842808	454.805701	454.797896	360.933167	360.916636	
1.852918	454.823299	454.81535	360.950765	360.934089	
1.863075	454.841593	454.832803	360.969059	360.960269	
1.873204	454.860452	454.850256	360.987918	360.986449	
1.883425	454.880122	454.86771	361.007588	361.012629	
1.893603	454.900306	454.885163	361.027772	361.030082	
1.903769	454.921105	454.902616	361.048571	361.047536	
1.913835	454.942292	454.92007	361.069759	361.064989	
1.924732	454.965989	454.928796	361.093455	361.082442	
1.934154	454.98695	454.946249	361.114417	361.099896	
1.944337	455.010248	454.954976	361.137714	361.108622	
1.954414	455.033916	454.981156	361.161383	361.126076	
1.964478	455.058171	454.998609	361.185637	361.143529	
1.974668	455.083359	455.016063	361.210825	361.152255	
1.984864	455.109176	455.042243	361.236642	361.169709	
1.99506	455.135611	455.068423	361.263078	361.187162	
2.005194	455.1625	455.094602	361.289966	361.204615	
2.015378	455.19015	455.129509	361.317617	361.230795	
2.025815	455.219161	455.164416	361.346627	361.248249	
2.035873	455.247691	455.199322	361.375157	361.283155	
2.046036	455.277162	455.234229	361.404628	361.309335	
2.05624	455.30736	455.269135	361.434826	361.344242	
2.066291	455.337709	455.304042	361.465175	361.379148	
2.076429	455.36896	455.338949	361.496426	361.422782	
2.086674	455.40117	455.373855	361.528636	361.457688	
2.096845	455.433747	455.408762	361.561213	361.501321	
2.106939	455.466692	455.443668	361.594158	361.544955	
2.117066	455.500368	455.478575	361.627834	361.588588	
2.127256	455.534862	455.513481	361.662328	361.632221	
2.13742	455.569917	455.548388	361.697383	361.675854	
2.147524	455.605341	455.583295	361.732808	361.719487	
2.157684	455.641601	455.609475	361.769067	361.754394	
2.167798	455.678305	455.644381	361.805771	361.798027	
2.177971	455.715868	455.688014	361.843334	361.832934	
2.188176	455.754157	455.722921	361.881623	361.859114	
2.198356	455.792972	455.757828	361.920439	361.89402	
2.20851	455.832291	455.792734	361.959757	361.928927	
2.218576	455.871894	455.827641	361.99936	361.963834	
2.228727	455.912452	455.871274	362.039918	361.99874	
2.250637	456.003663	455.967267	362.13113	362.068553	
2.255135	456.022249	455.98472	362.149715	362.086007	
2.265382	456.06543	456.028354	362.192896	362.120913	
2.275485	456.108621	456.071987	362.236087	362.164546	
2.286991	456.158702	456.11562	362.286168	362.20818	
2.295931	456.197959	456.159253	362.325425	362.243086	
2.306048	456.243061	456.211613	362.370527	362.295446	
2.316187	456.288887	456.255246	362.416353	362.339079	
2.326322	456.335321	456.307606	362.462787	362.391439	
2.336532	456.382726	456.35124	362.510192	362.443799	
2.346656	456.43032	456.403599	362.557786	362.504886	
2.356779	456.478544	456.455959	362.60601	362.557246	
2.366979	456.527751	456.508319	362.655218	362.609605	
2.377069	456.577041	456.551952	362.704507	362.661965	
2.38841	456.63329	456.604312	362.760757	362.731778	
2.39739	456.678192	456.656672	362.805658	362.775412	
2.407578	456.729833	456.709032	362.857299	362.836498	
2.4178	456.782264	456.761392	362.90973	362.888858	
2.427861	456.834471	456.813752	362.961937	362.949945	
2.438741	456.891725	456.866112	363.019191	363.002304	
2.448269	456.942275	456.918472	363.069741	363.054664	
2.458286	456.996086	456.970831	363.123553	363.107024	
2.468416	457.051113	457.023191	363.178579	363.159384	
2.478543	457.106739	457.075551	363.234205	363.211744	
2.489891	457.169943	457.127911	363.297409	363.272831	
2.499032	457.221237	457.188998	363.348703	363.316464	
2.509157	457.278716	457.241357	363.406183	363.368824	
2.519311	457.336986	457.293717	363.464452	363.421183	
2.529418	457.395586	457.36353	363.523052	363.473543	
2.539606	457.455316	457.41589	363.582782	363.525903	
2.549817	457.515783	457.476977	363.643249	363.578263	
2.559878	457.575959	457.538063	363.703425	363.63935	
2.57011	457.637822	457.607877	363.765288	363.700436	
2.580358	457.700394	457.668963	363.82786	363.761523	
2.591334	457.768164	457.73005	363.89563	363.831336	
2.600554	457.825492	457.799863	363.952958	363.883696	
2.61065	457.888967	457.860949	364.016433	363.953509	
2.620739	457.953001	457.922036	364.080467	364.014595	
2.630925	458.018277	457.991849	364.145743	364.084409	
2.641331	458.085639	458.052936	364.213105	364.162948	
2.651327	458.150908	458.122749	364.278374	364.232762	
2.661491	458.217906	458.183835	364.345373	364.302575	
2.671692	458.285774	458.253648	364.41324	364.372388	
2.681817	458.353756	458.314735	364.481222	364.442201	
2.693192	458.430962	458.375821	364.558428	364.529468	
2.702129	458.492032	458.445635	364.619498	364.590554	
2.712314	458.562213	458.515448	364.689679	364.660367	
2.722313	458.63176	458.585261	364.759226	364.73018	
2.732793	458.705356	458.655074	364.832822	364.791267	
2.742625	458.774942	458.733614	364.902408	364.86108	
2.754681	458.861236	458.82088	364.988702	364.948347	
2.764781	458.934055	458.89942	365.061521	365.01816	
2.774934	459.007876	458.969233	365.135342	365.087973	
2.794682	459.154429	459.10886	365.281895	365.218873	
2.799106	459.187152	459.152493	365.314618	365.253779	
2.809313	459.263495	459.231033	365.390962	365.323592	
2.819416	459.339632	459.309573	365.467098	365.402132	
2.829541	459.416589	459.388112	365.544055	365.471945	
2.839676	459.494215	459.457926	365.621681	365.550485	
2.849913	459.573285	459.536465	365.700751	365.629025	
2.85998	459.65163	459.615005	365.779096	365.707565	
2.870159	459.731463	459.693545	365.858929	365.786105	
2.880376	459.812254	459.772085	365.93972	365.873371	
2.8904	459.892093	459.841898	366.019559	365.951911	
2.900682	459.974677	459.929164	366.102143	366.030451	
2.910805	460.056498	459.998978	366.183964	366.117717	
2.920945	460.139089	460.086244	366.266556	366.204984	
2.931054	460.22248	460.164784	366.349946	366.29225	
2.94148	460.30858	460.25205	366.436047	366.379517	
2.951396	460.390959	460.33059	366.518425	366.466783	
2.961543	460.476112	460.417857	366.603578	366.55405	
2.971622	460.561294	460.505123	366.68876	366.641316	
2.981828	460.648186	460.59239	366.775652	366.728582	
2.991889	460.734507	460.688383	366.861974	366.815849	
3.002107	460.822711	460.784376	366.950177	366.903115	
3.012277	460.911154	460.871642	367.03862	366.990382	
3.022399	460.999784	460.958909	367.12725	367.077648	
3.032545	461.089225	461.054902	367.216691	367.164915	
3.042954	461.181687	461.150895	367.309153	367.252181	
3.052777	461.26948	461.238161	367.396946	367.339448	
3.062972	461.361251	461.325428	367.488717	367.426714	
3.07308	461.452813	461.421421	367.580279	367.522707	
3.083412	461.547144	461.508687	367.67461	367.609974	
3.093328	461.638165	461.604681	367.765631	367.69724	
3.103738	461.734452	461.691947	367.861918	367.793233	
3.113774	461.827791	461.78794	367.955257	367.8805	
3.12381	461.921761	461.883933	368.049227	367.976493	
3.133935	462.017202	461.9712	368.144668	368.072486	
3.144477	462.117273	462.067193	368.244739	368.168479	
3.154227	462.210335	462.154459	368.337802	368.264472	
3.164356	462.307672	462.250452	368.435139	368.360465	
3.174504	462.405791	462.346445	368.533257	368.456458	
3.184629	462.504292	462.442439	368.631758	368.552451	
3.194754	462.603467	462.538432	368.730933	368.648445	
3.204988	462.704341	462.643151	368.831807	368.744438	
3.215124	462.804764	462.739145	368.93223	368.849157	
3.225263	462.905893	462.843864	369.033359	368.945151	
3.235369	463.007284	462.939857	369.13475	369.04987	
3.245772	463.112385	463.044577	369.239852	369.15459	
3.255849	463.214723	463.14057	369.342189	369.25931	
3.26605	463.318989	463.24529	369.446456	369.36403	
3.27618	463.423123	463.35001	369.550589	369.468749	
3.286301	463.527779	463.45473	369.655245	369.582196	
3.296495	463.633805	463.559449	369.761271	369.695642	
3.30671	463.740749	463.672896	369.868215	369.809089	
3.31679	463.846739	463.786342	369.974205	369.922535	
3.327002	463.954843	463.899789	370.082309	370.027255	
3.337051	464.061801	464.013235	370.189267	370.140701	
3.34722	464.170682	464.126681	370.298148	370.254148	
3.357376	464.28001	464.240128	370.407476	370.358867	
3.367542	464.390109	464.353574	370.517575	370.463587	
3.377723	464.500971	464.467021	370.628438	370.577033	
3.38778	464.611053	464.580467	370.73852	370.681753	
3.397957	464.723141	464.693913	370.850607	370.7952	
3.408217	464.836743	464.816086	370.964209	370.908646	
3.418323	464.949271	464.929533	371.076737	371.013366	
3.428425	465.062299	465.042979	371.189765	371.126812	
3.438548	465.176233	465.147699	371.3037	371.231532	
3.448746	465.291638	465.261145	371.419105	371.353705	
3.45884	465.406441	465.374592	371.533907	371.458425	
3.469004	465.522696	465.488038	371.650162	371.580598	
3.479172	465.639617	465.601485	371.767083	371.694044	
3.489281	465.756448	465.714931	371.883914	371.816217	
3.500652	465.888813	465.828377	372.016279	371.929664	
3.510009	465.998048	465.941824	372.125514	372.051837	
3.519756	466.112396	466.05527	372.239862	372.165283	
3.529978	466.233032	466.168717	372.360498	372.278729	
3.540046	466.35249	466.282163	372.479956	372.400902	
3.550265	466.474394	466.395609	372.60186	372.523076	
3.569179	466.701398	466.613776	372.828864	372.749968	
3.581535	466.84967	466.674862	372.977136	372.898321	
3.586067	466.903994	466.823215	373.03146	372.950681	
3.596206	467.025686	466.945388	373.153152	373.072854	
3.606428	467.14835	467.067561	373.275816	373.195027	
3.616654	467.271074	467.189734	373.39854	373.3172	
3.626723	467.391866	467.311907	373.519332	373.439373	
3.636883	467.513774	467.451534	373.64124	373.561546	
3.647027	467.63549	467.573707	373.762956	373.692446	
3.657141	467.75687	467.69588	373.884336	373.814619	
3.667305	467.878838	467.826779	374.006304	373.936792	
3.677502	468.001214	467.957679	374.12868	374.058965	
3.687632	468.122774	468.079852	374.25024	374.181138	
3.697782	468.244586	468.202025	374.372052	374.303311	
3.707971	468.366878	468.324198	374.494344	374.434211	
3.718103	468.488474	468.455098	374.61594	374.556384	
3.728342	468.611306	468.585998	374.738772	374.687284	
3.73839	468.731846	468.708171	374.859312	374.809457	
3.748498	468.853154	468.830344	374.98062	374.93163	
3.75868	468.975326	468.952517	375.102792	375.06253	
3.768841	469.097318	469.07469	375.224784	375.184703	
3.778987	469.219058	469.196863	375.346524	375.306876	
3.789116	469.340546	469.319036	375.468012	375.429049	
3.799254	469.462226	469.441209	375.589692	375.551222	
3.809468	469.584854	469.563382	375.71232	375.682121	
3.819624	469.706666	469.685555	375.834132	375.804295	
3.829725	469.828334	469.807728	375.9558	375.926468	
3.839892	469.949858	469.929901	376.077324	376.048641	
3.850017	470.071394	470.043348	376.19886	376.170814	
3.860162	470.193134	470.165521	376.3206	376.292987	
3.870327	470.315102	470.278967	376.442568	376.41516	
3.880529	470.43755	470.40114	376.565016	376.528606	
3.890617	470.558582	470.523313	376.686048	376.642053	
3.900709	470.679674	470.645486	376.80714	376.764226	
3.911035	470.803646	470.758932	376.931112	376.886399	
3.921139	470.92487	470.881106	377.052336	376.999845	
3.931237	471.04607	470.994552	377.173536	377.122018	
3.941371	471.167642	471.116725	377.295108	377.244191	
3.951621	471.290702	471.238898	377.418168	377.357638	
3.961656	471.41105	471.352344	377.538516	377.479811	
3.971739	471.532094	471.474517	377.65956	377.601984	
3.981957	471.654686	471.596691	377.782152	377.71543	
3.992075	471.776078	471.710137	377.903544	377.828876	
4.002198	471.897614	471.83231	378.02508	377.95105	
4.012404	472.020074	471.954483	378.14754	378.073223	
4.022551	472.141826	472.085383	378.269292	378.195396	
4.032662	472.263146	472.207556	378.390612	378.317569	
4.042743	472.384142	472.329729	378.511608	378.439742	
4.053006	472.507286	472.451902	378.634752	378.561915	
4.06307	472.628042	472.574075	378.755508	378.684088	
4.073177	472.749314	472.696248	378.87678	378.806261	
4.083464	472.872818	472.827148	379.000284	378.928434	
4.093427	472.992314	472.949321	379.11978	379.050607	
4.112103	473.21651	473.071494	379.343976	379.294953	
4.116759	473.272382	473.2373	379.399848	379.347313	
4.126729	473.391938	473.359473	379.519404	379.478213	
4.136869	473.513606	473.472919	379.641072	379.600386	
4.146965	473.63477	473.595093	379.762236	379.731285	
4.157185	473.757422	473.725992	379.884888	379.853458	
4.167339	473.879282	473.848165	380.006748	379.975631	
4.177473	474.000854	473.979065	380.12832	380.097804	
4.187632	474.12281	474.101238	380.250276	380.219978	
4.197715	474.243746	474.223411	380.371212	380.342151	
4.207918	474.366206	474.345584	380.493672	380.464324	
4.218144	474.489026	474.467757	380.616492	380.57777	
4.228207	474.609638	474.581204	380.737104	380.691216	
4.248555	474.853922	474.816823	380.981388	380.926836	
4.252983	474.906986	474.869183	381.034452	380.979196	
4.263159	475.029134	474.973903	381.1566	381.092642	
4.273264	475.150346	475.096076	381.277812	381.206089	
4.283391	475.271858	475.218249	381.399324	381.319535	
4.293597	475.394342	475.331695	381.521808	381.441708	
4.304218	475.52183	475.445142	381.649296	381.555154	
4.323105	475.748534	475.672034	381.876	381.773321	
4.327576	475.802102	475.724394	381.929568	381.834407	
4.337712	475.92371	475.846567	382.051176	381.947854	
4.347805	476.04485	475.96874	382.172316	382.070027	
4.358013	476.167346	476.090913	382.294812	382.200926	
4.368158	476.289098	476.213086	382.416564	382.331826	
4.37829	476.41067	476.335259	382.538136	382.453999	
4.388452	476.532626	476.457433	382.660092	382.584899	
4.398552	476.65379	476.588332	382.781256	382.715798	
4.408742	476.77607	476.719232	382.903536	382.837971	
4.41893	476.898374	476.841405	383.02584	382.968871	
4.429072	477.020042	476.981031	383.147508	383.099771	
4.439248	477.142154	477.103204	383.26962	383.230671	
4.449382	477.263786	477.234104	383.391252	383.36157	
4.459458	477.384674	477.365004	383.51214	383.483743	
4.469619	477.50663	477.487177	383.634096	383.614643	
4.479715	477.627746	477.618076	383.755212	383.736816	
4.489993	477.751166	477.74025	383.878632	383.867716	
4.500054	477.87185	477.871149	383.999316	383.989889	
4.510132	477.992762	477.993322	384.120228	384.103335	
4.520487	478.117106	478.106769	384.244572	384.225508	
4.530508	478.237286	478.228942	384.364752	384.338955	
4.540637	478.358834	478.342388	384.4863	384.461128	
4.550787	478.480646	478.455834	384.608112	384.565847	
4.56272	478.623866	478.569281	384.751332	384.705474	
4.57114	478.724846	478.682727	384.852312	384.801467	
4.581242	478.84607	478.796174	384.973536	384.914913	
4.591445	478.96859	478.918347	385.096056	385.019633	
4.60156	479.089922	479.023067	385.217388	385.141806	
4.611624	479.210678	479.14524	385.338144	385.255252	
4.621923	479.33477	479.258686	385.462236	385.368699	
4.632004	479.455214	479.380859	385.58268	385.490872	
4.642163	479.577158	479.494305	385.704624	385.613045	
4.652419	479.70023	479.616478	385.827696	385.735218	
4.662789	479.824706	479.738651	385.952172	385.857391	
4.672612	479.942522	479.860825	386.069988	385.979564	
4.682706	480.063638	479.991724	386.191104	386.101737	
4.692834	480.185174	480.113897	386.31264	386.232637	
4.703015	480.307358	480.244797	386.434824	386.363537	
4.713093	480.42833	480.36697	386.555796	386.48571	
4.72331	480.55103	480.489143	386.678496	386.616609	
4.733446	480.672566	480.620043	386.800032	386.738782	
4.743624	480.79469	480.750942	386.922156	386.869682	
4.75374	480.916046	480.873116	387.043512	386.991855	
4.764226	481.041914	481.004015	387.16938	387.122755	
4.774017	481.159406	481.126188	387.286872	387.253654	
4.78411	481.28051	481.257088	387.407976	387.375827	
4.794242	481.40207	481.379261	387.529536	387.498001	
4.804372	481.523654	481.501434	387.65112	387.620174	
4.814512	481.64537	481.632334	387.772836	387.742347	
4.824767	481.76843	481.754507	387.895896	387.86452	
4.83483	481.88915	481.87668	388.016616	387.986693	
4.844974	482.010842	481.990126	388.138308	388.100139	
4.855602	482.138438	482.121026	388.265904	388.222312	
4.865843	482.261342	482.234472	388.388808	388.344485	
4.875928	482.382302	482.356645	388.509768	388.466658	
4.886077	482.504138	482.478818	388.631604	388.580105	
4.896231	482.625962	482.583538	388.753428	388.702278	
4.906364	482.747558	482.705711	388.875024	388.824451	
4.916524	482.869466	482.819158	388.996932	388.946624	
4.926749	482.992226	482.932604	389.119692	389.06007	
4.936952	483.114674	483.054777	389.24214	389.182243	
4.947035	483.235586	483.17695	389.363052	389.304416	
4.95716	483.35711	483.299123	389.484576	389.426589	
4.967305	483.478862	483.421296	389.606328	389.540036	
4.977472	483.600902	483.543469	389.728368	389.662209	
4.987599	483.72239	483.665642	389.849856	389.784382	
4.997715	483.84377	483.787815	389.971236	389.906555	
5.007889	483.96587	483.909988	390.093336	390.028728	
5.018227	484.089962	484.032161	390.217428	390.150901	
5.028596	484.214426	484.154335	390.341892	390.281801	
5.038359	484.331522	484.276508	390.458988	390.403974	
5.056481	484.548998	484.398681	390.676464	390.630867	
5.060857	484.601498	484.55576	390.728964	390.683226	
5.071149	484.724966	484.68666	390.852432	390.805399	
5.081186	484.84541	484.81756	390.972876	390.927573	
5.091374	484.967702	484.939733	391.095168	391.049746	
5.101469	485.088806	485.070632	391.216272	391.163192	
5.111615	485.21063	485.201532	391.338096	391.294092	
5.122038	485.335718	485.323705	391.463184	391.416265	
5.132311	485.458982	485.445878	391.586448	391.547164	
5.142069	485.57603	485.568051	391.703496	391.651884	
5.152237	485.698058	485.690224	391.825524	391.782784	
5.162332	485.819162	485.812397	391.946628	391.904957	
5.172842	485.94533	485.925844	392.072796	392.02713	
5.182586	486.062198	486.03929	392.189664	392.140576	
5.192763	486.184322	486.161463	392.311788	392.271476	
5.202856	486.305438	486.27491	392.432904	392.393649	
5.21298	486.426938	486.388356	392.554404	392.507095	
5.224532	486.565658	486.501802	392.693124	392.629269	
5.233296	486.670718	486.615249	392.798184	392.751442	
5.243451	486.792602	486.737422	392.920068	392.864888	
5.253635	486.914786	486.842142	393.042252	392.978334	
5.263808	487.036874	486.964315	393.16434	393.100507	
5.274266	487.162406	487.086488	393.289872	393.22268	
5.283976	487.278902	487.199934	393.406368	393.336127	
5.29411	487.400522	487.322107	393.527988	393.449573	
5.304243	487.52213	487.435553	393.649596	393.571746	
5.314314	487.642934	487.566453	393.7704	393.693919	
5.325752	487.780322	487.688626	393.907788	393.816092	
5.335065	487.891994	487.819526	394.01946	393.938265	
5.344822	488.00903	487.941699	394.136496	394.060439	
5.35492	488.130218	488.072599	394.257684	394.182612	
5.36508	488.252126	488.203498	394.379592	394.313511	
5.383593	488.474318	488.439118	394.601784	394.540404	
5.388032	488.527562	488.491478	394.655028	394.592764	
5.39817	488.64923	488.622377	394.776696	394.723664	
5.408333	488.771186	488.753277	394.898652	394.854563	
5.41845	488.892578	488.884177	395.020044	394.985463	
5.437774	489.124586	489.119796	395.252052	395.229809	
5.443097	489.188438	489.180883	395.315904	395.282169	
5.452497	489.301142	489.303056	395.428608	395.404342	
5.46261	489.422522	489.425229	395.549988	395.535242	
5.473036	489.547658	489.538675	395.675124	395.657415	
5.482867	489.66557	489.660848	395.793036	395.779588	
5.493016	489.78737	489.774295	395.914836	395.901761	
5.503208	489.909674	489.896468	396.03714	396.015207	
5.513276	490.030538	490.018641	396.158004	396.13738	
5.52343	490.152374	490.123361	396.27984	396.250827	
5.541785	490.372718	490.245534	396.500184	396.460266	
5.54637	490.427654	490.38516	396.55512	396.512626	
5.556492	490.54907	490.507333	396.676536	396.626073	
5.566627	490.670726	490.620779	396.798192	396.739519	
5.576848	490.793366	490.742952	396.920832	396.861692	
5.587052	490.915838	490.856399	397.043304	396.975138	
5.597071	491.036006	490.978572	397.163472	397.088585	
5.607256	491.158262	491.100745	397.285728	397.202031	
5.617369	491.279642	491.214191	397.407108	397.324204	
5.628432	491.412434	491.336364	397.5399	397.446377	
5.637729	491.52401	491.458537	397.651476	397.559824	
5.647814	491.644934	491.58071	397.7724	397.690723	
5.665813	491.86097	491.798877	397.988436	397.900163	
5.670198	491.913554	491.851237	398.04102	397.961249	
5.68043	492.036338	491.97341	398.163804	398.092149	
5.690526	492.157502	492.095583	398.284968	398.214322	
5.700652	492.278978	492.217756	398.406444	398.336495	
5.71081	492.400898	492.348655	398.528364	398.476122	
5.721309	492.528974	492.470828	398.65644	398.598295	
5.732393	492.658908	492.601728	398.786375	398.746648	
5.741354	492.765064	492.723901	398.89253	398.860094	
5.751515	492.884849	492.846074	399.012316	398.982267	
5.76159	493.003017	492.976974	399.130483	399.10444	
5.771693	493.12097	493.099147	399.248437	399.226613	
5.781879	493.239154	493.230047	399.36662	399.348786	
5.792003	493.356076	493.35222	399.483542	399.470959	
5.802249	493.473774	493.474393	399.601241	399.593132	
5.812293	493.588533	493.596566	399.715999	399.706579	
5.822794	493.707941	493.718739	399.835408	399.820025	
5.833897	493.833309	493.832185	399.960775	399.950925	
5.842994	493.935635	493.945632	400.063101	400.046918	
5.85282	494.045472	494.059078	400.172939	400.160364	
5.862921	494.157878	494.172524	400.285344	400.273811	
5.873122	494.270716	494.277244	400.398182	400.37853	
5.883238	494.38196	494.381964	400.509427	400.48325	
5.893381	494.492941	494.486684	400.620407	400.596697	
5.90358	494.603933	494.591403	400.731399	400.701416	
5.913687	494.713304	494.687397	400.84077	400.806136	
5.924356	494.82808	494.792116	400.955546	400.919582	
5.935535	494.947566	494.888109	401.075032	401.041756	
5.944465	495.042506	495.001556	401.169972	401.137749	
5.954525	495.148894	495.106276	401.27636	401.242468	
5.964622	495.255115	495.210995	401.382582	401.355915	
5.974744	495.360924	495.315715	401.48839	401.460635	
5.984963	495.467172	495.420435	401.594638	401.574081	
5.995097	495.571854	495.533881	401.69932	401.678801	
6.005241	495.676075	495.638601	401.803541	401.78352	
6.015398	495.779772	495.743321	401.907238	401.896967	
6.025493	495.88229	495.856767	402.009757	402.010413	
6.036781	495.996149	495.970214	402.123615	402.12386	
6.045891	496.087543	496.074933	402.21501	402.219853	
6.056008	496.18837	496.18838	402.315837	402.333299	
6.066222	496.289559	496.293099	402.417025	402.429292	
6.07629	496.38872	496.397819	402.516186	402.525285	
6.087781	496.501126	496.511266	402.628592	402.638732	
6.09783	496.598759	496.615985	402.726226	402.734725	
6.107951	496.696537	496.720705	402.824003	402.830718	
6.118129	496.794217	496.816698	402.921683	402.917984	
6.128235	496.890636	496.912691	403.018102	403.013978	
6.139474	496.997052	497.017411	403.124518	403.109971	
6.149962	497.096134	497.104678	403.2236	403.205964	
6.159737	497.18712	497.191944	403.314586	403.284504	
6.169895	497.28148	497.27921	403.408947	403.37177	
6.179982	497.374576	497.35775	403.502043	403.459037	
6.190191	497.468192	497.445017	403.595658	403.546303	
6.20031	497.560355	497.532283	403.687821	403.633569	
6.210456	497.652186	497.610823	403.779652	403.729563	
6.220549	497.742887	497.698089	403.870353	403.816829	
6.230683	497.833413	497.785356	403.960879	403.904095	
6.244167	497.952557	497.890076	404.080024	404.026269	
6.254276	498.04136	497.977342	404.168826	404.113535	
6.26442	498.129917	498.064609	404.257383	404.200801	
6.274508	498.21731	498.151875	404.344777	404.296795	
6.284697	498.305018	498.239142	404.432484	404.392788	
6.294809	498.391388	498.326408	404.518854	404.480054	
6.305032	498.47814	498.422401	404.605606	404.567321	
6.322984	498.628132	498.588207	404.755599	404.733127	
6.327409	498.665137	498.631841	404.792603	404.77676	
6.337594	498.749616	498.727834	404.877082	404.864027	
6.347761	498.833281	498.8151	404.960747	404.951293	
6.357928	498.916331	498.911093	405.043797	405.029833	
6.368073	498.998581	498.99836	405.126048	405.108373	
6.378216	499.080203	499.085626	405.207669	405.195639	
6.388382	499.161426	499.172893	405.288892	405.274179	
6.398514	499.241752	499.260159	405.369218	405.352719	
6.408734	499.322143	499.338699	405.449609	405.439985	
6.418799	499.400724	499.425965	405.52819	405.509798	
6.428898	499.478963	499.495779	405.606429	405.597065	
6.439146	499.557727	499.574318	405.685193	405.675605	
6.449264	499.634932	499.652858	405.762398	405.754145	
6.459402	499.711617	499.722671	405.839083	405.832684	
6.469525	499.787565	499.792485	405.915031	405.902497	
6.479627	499.862801	499.871024	405.990268	405.981037	
6.48977	499.937693	499.940838	406.065159	406.059577	
6.499945	500.012213	500.010651	406.139679	406.12939	
6.510103	500.086009	500.089191	406.213475	406.20793	
6.520239	500.159028	500.159004	406.286494	406.277743	
6.530373	500.231423	500.228817	406.358889	406.347556	
6.540502	500.303187	500.29863	406.430653	406.41737	
6.550717	500.374937	500.368443	406.502403	406.487183	
6.560929	500.446019	500.42953	406.573485	406.556996	
6.571036	500.515767	500.499343	406.643233	406.626809	
6.581152	500.584976	500.569156	406.712442	406.687896	
6.591512	500.655805	500.630243	406.783271	406.757709	
6.601468	500.722135	500.700056	406.849601	406.818795	
6.611589	500.78955	500.769869	406.917016	406.888609	
6.621724	500.856461	500.839682	406.983927	406.958422	
6.631852	500.922724	500.909495	407.05019	407.019508	
6.642308	500.990493	500.970582	407.117959	407.080595	
6.652318	501.054747	501.040395	407.182213	407.150408	
6.662384	501.118783	501.101482	407.246249	407.211494	
6.67248	501.182361	501.162568	407.309827	407.281308	
6.682552	501.245206	501.223655	407.372672	407.342394	
6.693201	501.311005	501.293468	407.438471	407.412207	
6.702844	501.370007	501.354554	407.497473	407.473294	
6.712981	501.431458	501.415641	407.558925	407.53438	
6.723086	501.492076	501.476727	407.619542	407.595467	
6.733214	501.552253	501.537814	407.67972	407.656553	
6.743596	501.613305	501.590174	407.740771	407.71764	
6.761863	501.718287	501.65126	407.845753	407.831086	
6.766343	501.74408	501.7298	407.871546	407.857266	
6.776527	501.801949	501.790887	407.929415	407.918353	
6.786586	501.858519	501.851973	407.985985	407.979439	
6.796792	501.915323	501.921786	408.042789	408.040526	
6.806915	501.971039	501.982873	408.098506	408.092886	
6.817092	502.026456	502.043959	408.153922	408.153972	
6.827196	502.080858	502.105046	408.208324	408.215059	
6.837308	502.134689	502.166132	408.262155	408.267419	
6.847941	502.190687	502.218492	408.318154	408.319779	
6.85775	502.241714	502.270852	408.36918	408.372138	
6.867811	502.293468	502.323212	408.420934	408.424498	
6.877943	502.34498	502.375572	408.472446	408.476858	
6.888068	502.395862	502.419205	408.523328	408.520491	
6.898302	502.446675	502.462838	408.574141	408.572851	
6.908393	502.496178	502.506472	408.623644	408.616484	
6.918544	502.54537	502.550105	408.672836	408.668844	
6.928765	502.594275	502.585011	408.721741	408.712478	
6.938789	502.641651	502.628645	408.769117	408.756111	
6.950303	502.69528	502.672278	408.822746	408.808471	
6.959311	502.736801	502.707184	408.864267	408.852104	
6.96938	502.782535	502.750818	408.910001	408.895737	
6.97953	502.8281	502.794451	408.955566	408.93937	
6.989634	502.872803	502.838084	409.000269	408.983004	
6.999835	502.917364	502.890444	409.04483	409.035363	
7.009978	502.961052	502.934077	409.088518	409.078997	
7.020243	503.004652	502.986437	409.132118	409.12263	
7.03027	503.046657	503.03007	409.174123	409.157537	
7.040375	503.088375	503.073704	409.215841	409.20117	
7.051989	503.135529	503.126063	409.262995	409.244803	
7.060702	503.170472	503.169697	409.297939	409.288436	
7.070866	503.210616	503.21333	409.338082	409.332069	
7.080978	503.249964	503.256963	409.37743	409.375703	
7.091478	503.290567	503.300596	409.418034	409.410609	
7.101334	503.327348	503.34423	409.454814	409.454243	
7.111499	503.365081	503.387863	409.492547	409.489149	
7.121587	503.401943	503.422769	409.529409	409.532782	
7.131721	503.438374	503.457676	409.565841	409.567689	
7.141827	503.47411	503.492583	409.601576	409.602596	
7.153464	503.514421	503.527489	409.641887	409.637502	
7.170205	503.570494	503.579849	409.69796	409.698589	
7.174659	503.585447	503.597302	409.712913	409.716042	
7.184851	503.618924	503.623482	409.74639	409.750948	
7.194881	503.651275	503.649662	409.778741	409.777128	
7.2134	503.708587	503.702022	409.836053	409.838215	
7.217794	503.722247	503.710749	409.849713	409.846942	
7.22797	503.75311	503.736929	409.880576	409.873122	
7.238137	503.783358	503.763109	409.910824	409.899301	
7.248237	503.812818	503.789289	409.940284	409.925481	
7.258621	503.842493	503.815469	409.969959	409.942935	
7.268607	503.870428	503.841648	409.997894	409.969115	
7.278729	503.898156	503.876555	410.025622	409.995295	
7.288915	503.925474	503.894008	410.052941	410.012748	
7.298955	503.951814	503.928915	410.07928	410.038928	
7.309177	503.978021	503.946368	410.105488	410.065108	
7.319383	504.003596	503.981275	410.131063	410.082561	
7.329452	504.028247	504.007455	410.155713	410.117468	
7.339606	504.052506	504.033635	410.179973	410.134921	
7.349699	504.076054	504.051088	410.20352	410.169828	
7.360049	504.099569	504.085995	410.227036	410.196007	
7.370129	504.12189	504.103448	410.249356	410.222187	
7.380271	504.143769	504.120901	410.271235	410.248367	
7.390373	504.164969	504.147081	410.292435	410.274547	
7.400498	504.185642	504.164534	410.313108	410.300727	
7.41069	504.20586	504.181988	410.333326	410.326907	
7.420815	504.225359	504.199441	410.352825	410.34436	
7.430944	504.244289	504.208168	410.371755	410.361814	
7.441152	504.262772	504.225621	410.390239	410.379267	
7.451544	504.281122	504.243074	410.408588	410.39672	
7.461595	504.298038	504.260527	410.425504	410.414174	
7.471601	504.314435	504.269254	410.441901	410.4229	
7.481675	504.33038	504.286707	410.457846	410.431627	
7.491873	504.345939	504.304161	410.473405	410.44908	
7.501953	504.360762	504.321614	410.488228	410.44908	
7.512145	504.375159	504.339067	410.502625	410.466533	
7.522358	504.389012	504.356521	410.516478	410.47526	
7.532477	504.402177	504.373974	410.529643	410.483987	
7.54255	504.414719	504.400154	410.542185	410.50144	
7.552996	504.427126	504.417607	410.554592	410.518893	
7.562936	504.438399	504.43506	410.565865	410.536347	
7.57306	504.44932	504.452514	410.576787	410.5538	
7.583176	504.459676	504.46124	410.587142	410.562527	
7.593315	504.469505	504.469967	410.596971	410.57998	
7.603436	504.478773	504.48742	410.606239	410.597433	
7.613635	504.487554	504.496147	410.61502	410.614886	
7.623773	504.495746	504.504874	410.623212	410.63234	
7.633856	504.503367	504.5136	410.630833	410.641066	
7.643974	504.510481	504.5136	410.637947	410.65852	
7.654451	504.517281	504.5136	410.644747	410.65852	
7.664344	504.523225	504.522327	410.650692	410.667246	
7.674473	504.528784	504.522327	410.656251	410.675973	
7.684596	504.533843	504.522327	410.66131	410.675973	
7.694688	504.538399	504.522327	410.665866	410.675973	
7.704912	504.542523	504.522327	410.66999	410.675973	
7.714946	504.546114	504.522327	410.67358	410.667246	
7.733033	504.550802	504.522327	410.678268	410.675973	
7.737455	504.552012	504.522327	410.679478	410.675973	
7.747536	504.554267	504.522327	410.681734	410.675973	
7.757764	504.556176	504.522327	410.683643	410.675973	
7.768078	504.557744	504.522327	410.685211	410.675973	
7.778017	504.562277	504.522327	410.689743	410.675973	
7.788118	504.562277	504.522327	410.689743	410.675973	
7.798252	504.562277	504.522327	410.689743	410.675973	
7.80845	504.562277	504.522327	410.689743	410.675973	
7.818572	504.562277	504.522327	410.689743	410.675973	
7.828709	504.562277	504.522327	410.689743	410.675973	
7.83882	504.562277	504.522327	410.689743	410.675973	
7.849031	504.562277	504.522327	410.689743	410.675973	
7.859132	504.562277	504.522327	410.689743	410.675973	
7.869373	504.562277	504.522327	410.689743	410.675973	
7.879568	504.562277	504.522327	410.689743	410.675973	
7.889689	504.562277	504.522327	410.689743	410.675973	
7.899791	504.562277	504.522327	410.689743	410.675973	
7.909988	504.562277	504.522327	410.689743	410.675973	
7.920133	504.562277	504.522327	410.689743	410.675973	
7.938258	504.562277	504.522327	410.689743	410.675973	
7.942664	504.562277	504.522327	410.689743	410.675973	
7.953004	504.562277	504.522327	410.689743	410.675973	
7.96381	504.562277	504.522327	410.689743	410.675973	
7.973115	504.562277	504.522327	410.689743	410.675973	
7.983222	504.562277	504.522327	410.689743	410.675973	
7.993342	504.562277	504.522327	410.689743	410.675973	
8.003461	504.562277	504.522327	410.689743	410.675973	
8.015908	504.562277	504.522327	410.689743	410.675973	
8.02395	504.562277	504.522327	410.689743	410.675973	
8.034016	504.562277	504.522327	410.689743	410.675973	
8.044173	504.562277	504.522327	410.689743	410.675973	
8.054267	504.562277	504.522327	410.689743	410.675973	
8.065195	504.562277	504.522327	410.689743	410.675973	
8.074588	504.562277	504.522327	410.689743	410.675973	
8.084736	504.562277	504.522327	410.689743	410.675973	
8.094874	504.562277	504.522327	410.689743	410.675973	
8.105007	504.562277	504.522327	410.689743	410.675973	
8.123443	504.562277	504.522327	410.689743	410.675973	
8.127892	504.562277	504.522327	410.689743	410.675973	
8.138032	504.562277	504.522327	410.689743	410.675973	
8.148181	504.562277	504.522327	410.689743	410.675973	
8.158287	504.562277	504.522327	410.689743	410.675973	
8.169283	504.562277	504.522327	410.689743	410.675973	
8.179551	504.562277	504.522327	410.689743	410.675973	
8.189505	504.562277	504.522327	410.689743	410.675973	
8.199699	504.562277	504.522327	410.689743	410.675973	
8.209763	504.562277	504.522327	410.689743	410.675973	
8.219913	504.562277	504.522327	410.689743	410.675973	
8.230034	504.562277	504.522327	410.689743	410.675973	
8.250712	504.562277	504.522327	410.689743	410.675973	
8.25517	504.562277	504.522327	410.689743	410.675973	
8.266417	504.562277	504.522327	410.689743	410.675973	
8.27615	504.562277	504.522327	410.689743	410.675973	
8.285997	504.562277	504.522327	410.689743	410.675973	
8.29612	504.562277	504.522327	410.689743	410.675973	
8.30632	504.562277	504.522327	410.689743	410.675973	
8.316435	504.562277	504.522327	410.689743	410.675973	
8.326582	504.562277	504.522327	410.689743	410.675973	
8.336789	504.562277	504.522327	410.689743	410.675973	
8.346843	504.562277	504.522327	410.689743	410.675973	
8.356978	504.562277	504.522327	410.689743	410.675973	
8.36772	504.562277	504.522327	410.689743	410.675973	
8.377357	504.562277	504.522327	410.689743	410.675973	
8.387505	504.562277	504.522327	410.689743	410.675973	
8.397615	504.562277	504.522327	410.689743	410.675973	
8.407742	504.562277	504.522327	410.689743	410.675973	
8.417931	504.562277	504.522327	410.689743	410.675973	
8.428037	504.562277	504.522327	410.689743	410.675973	
8.43819	504.562277	504.522327	410.689743	410.675973	
8.449103	504.562277	504.522327	410.689743	410.675973	
8.45849	504.562277	504.522327	410.689743	410.675973	
8.469031	504.562277	504.522327	410.689743	410.675973	
8.478806	504.562277	504.522327	410.689743	410.675973	
8.48901	504.562277	504.522327	410.689743	410.675973	
8.499057	504.562277	504.522327	410.689743	410.675973	
8.509164	504.562277	504.522327	410.689743	410.675973	
8.519412	504.562277	504.522327	410.689743	410.675973	
8.529486	504.562277	504.522327	410.689743	410.675973	
8.539635	504.562277	504.522327	410.689743	410.675973	
8.549806	504.562277	504.522327	410.689743	410.675973	
8.559924	504.562277	504.522327	410.689743	410.675973	
8.572775	504.562277	504.522327	410.689743	410.675973	
8.580553	504.562277	504.522327	410.689743	410.675973	
8.590623	504.562277	504.522327	410.689743	410.675973	
8.600549	504.562277	504.522327	410.689743	410.675973	
8.610635	504.562277	504.522327	410.689743	410.675973	
8.620846	504.562277	504.522327	410.689743	410.675973	
8.630952	504.562277	504.522327	410.689743	410.675973	
8.641149	504.562277	504.522327	410.689743	410.675973	
8.651267	504.562277	504.522327	410.689743	410.675973	
8.66161	504.562277	504.522327	410.689743	410.675973	
8.672704	504.562277	504.522327	410.689743	410.675973	
8.681748	504.562277	504.522327	410.689743	410.675973	
8.691867	504.562277	504.522327	410.689743	410.675973	
8.701979	504.562277	504.522327	410.689743	410.675973	
8.712129	504.562277	504.522327	410.689743	410.675973	
8.722766	504.562277	504.522327	410.689743	410.675973	
8.732373	504.562277	504.522327	410.689743	410.675973	
8.742972	504.562277	504.522327	410.689743	410.675973	
8.753079	504.562277	504.522327	410.689743	410.675973	
8.762775	504.562277	504.522327	410.689743	410.675973	
8.774025	504.562277	504.522327	410.689743	410.675973	
8.783127	504.562277	504.522327	410.689743	410.675973	
8.79329	504.562277	504.522327	410.689743	410.675973	
8.803368	504.562277	504.522327	410.689743	410.675973	
8.813468	504.562277	504.522327	410.689743	410.675973	
8.831989	504.562277	504.522327	410.689743	410.675973	
8.836432	504.562277	504.522327	410.689743	410.675973	
8.846577	504.562277	504.522327	410.689743	410.675973	
8.856741	504.562277	504.522327	410.689743	410.675973	
8.866844	504.562277	504.522327	410.689743	410.675973	
8.87818	504.562277	504.522327	410.689743	410.675973	
8.887209	504.562277	504.522327	410.689743	410.675973	
8.897331	504.562277	504.522327	410.689743	410.675973	
8.907481	504.562277	504.522327	410.689743	410.675973	
8.917582	504.562277	504.522327	410.689743	410.675973	
8.927811	504.562277	504.522327	410.689743	410.675973	
8.937913	504.562277	504.522327	410.689743	410.675973	
8.948044	504.562277	504.522327	410.689743	410.675973	
8.958211	504.562277	504.522327	410.689743	410.675973	
8.96832	504.562277	504.522327	410.689743	410.675973	
8.97959	504.562277	504.522327	410.689743	410.675973	
8.988727	504.562277	504.522327	410.689743	410.675973	
8.999041	504.562277	504.522327	410.689743	410.675973	
9.009191	504.562277	504.522327	410.689743	410.675973	
9.019274	504.562277	504.522327	410.689743	410.675973	
9.029477	504.562277	504.522327	410.689743	410.675973	
9.039604	504.562277	504.522327	410.689743	410.675973	
9.049755	504.562277	504.522327	410.689743	410.675973	
9.059859	504.562277	504.522327	410.689743	410.675973	
9.07	504.562277	504.522327	410.689743	410.675973	
9.081558	504.562277	504.522327	410.689743	410.675973	
9.090447	504.562277	504.522327	410.689743	410.675973	
9.100502	504.562277	504.522327	410.689743	410.675973	
9.110624	504.562277	504.522327	410.689743	410.675973	
9.120784	504.562277	504.522327	410.689743	410.675973	
9.130925	504.562277	504.522327	410.689743	410.675973	
9.141062	504.562277	504.522327	410.689743	410.675973	
9.151214	504.562277	504.522327	410.689743	410.675973	
9.161377	504.562277	504.522327	410.689743	410.675973	
9.171618	504.562277	504.522327	410.689743	410.675973	
9.182813	504.562277	504.522327	410.689743	410.675973	
9.191848	504.562277	504.522327	410.689743	410.675973	
9.202044	504.562277	504.522327	410.689743	410.675973	
9.212108	504.562277	504.522327	410.689743	410.675973	
9.222756	504.562277	504.522327	410.689743	410.675973	
9.232403	504.562277	504.522327	410.689743	410.675973	
9.242551	504.562277	504.522327	410.689743	410.675973	
9.252667	504.562277	504.522327	410.689743	410.675973	
9.262785	504.562277	504.522327	410.689743	410.675973	
9.273035	504.562277	504.522327	410.689743	410.675973	
9.284307	504.562277	504.522327	410.689743	410.675973	
9.2933	504.562277	504.522327	410.689743	410.675973	
9.303453	504.562277	504.522327	410.689743	410.675973	
9.313618	504.562277	504.522327	410.689743	410.675973	
9.324183	504.562277	504.522327	410.689743	410.675973	
9.333833	504.562277	504.522327	410.689743	410.675973	
9.343992	504.562277	504.522327	410.689743	410.675973	
9.354116	504.562277	504.522327	410.689743	410.675973	
9.364199	504.562277	504.522327	410.689743	410.675973	
9.374502	504.562277	504.522327	410.689743	410.675973	
9.385688	504.562277	504.522327	410.689743	410.675973	
9.39469	504.562277	504.522327	410.689743	410.675973	
9.404825	504.562277	504.522327	410.689743	410.675973	
9.414964	504.562277	504.522327	410.689743	410.675973	
9.441306	504.562277	504.522327	410.689743	410.675973	
9.446477	504.562277	504.522327	410.689743	410.675973	
