5.110269	704.477749	704.475973	610.605215	610.603439	
5.116876	704.478698	704.475973	610.606164	610.603439	
5.12675	704.480797	704.475973	610.608263	610.603439	
5.136773	704.483536	704.475973	610.611003	610.603439	
5.146884	704.486916	704.484699	610.614382	610.603439	
5.157072	704.490948	704.484699	610.618414	610.603439	
5.167199	704.495567	704.484699	610.623033	610.603439	
5.17733	704.500803	704.484699	610.62827	610.603439	
5.187457	704.506655	704.493426	610.634121	610.603439	
5.19758	704.513118	704.502153	610.640584	610.603439	
5.207754	704.520237	704.510879	610.647703	610.603439	
5.217915	704.527968	704.510879	610.655434	610.603439	
5.228162	704.536393	704.519606	610.663859	610.603439	
5.238271	704.545313	704.528333	610.672779	610.603439	
5.248406	704.554924	704.537059	610.682391	610.603439	
5.258796	704.565337	704.537059	610.692803	610.603439	
5.268683	704.57586	704.545786	610.703326	610.603439	
5.278837	704.587293	704.554512	610.714759	610.603439	
5.288919	704.59925	704.563239	610.726717	610.612165	
5.299063	704.611908	704.571966	610.739374	610.620892	
5.309137	704.625084	704.571966	610.752551	610.620892	
5.319339	704.639055	704.580692	610.766521	610.638345	
5.329415	704.653453	704.589419	610.780919	610.647072	
5.339672	704.668752	704.598146	610.796218	610.655799	
5.34969	704.684287	704.606872	610.811753	610.673252	
5.362106	704.704575	704.615599	610.832041	610.690705	
5.369924	704.717577	704.624326	610.845043	610.716885	
5.380044	704.735115	704.641779	610.862581	610.743065	
5.390196	704.75334	704.650506	610.880806	610.769245	
5.408849	704.789536	704.685412	610.917002	610.830332	
5.414159	704.799606	704.694139	610.927072	610.847785	
5.423511	704.818231	704.711592	610.945697	610.882691	
5.433611	704.838968	704.737772	610.966434	610.917598	
5.443735	704.860384	704.763952	610.987851	610.952505	
5.453828	704.882352	704.798859	611.009818	610.987411	
5.464006	704.905115	704.825038	611.032582	611.022318	
5.474129	704.928376	704.859945	611.055842	611.057224	
5.484298	704.952364	704.903578	611.07983	611.092131	
5.494401	704.976801	704.938485	611.104267	611.127038	
5.504497	705.001843	704.973391	611.129309	611.161944	
5.515363	705.029544	705.017025	611.15701	611.196851	
5.524867	705.054242	705.060658	611.181708	611.231757	
5.534997	705.081216	705.095565	611.208682	611.266664	
5.545102	705.108729	705.139198	611.236195	611.301571	
5.555204	705.136854	705.182831	611.26432	611.336477	
5.565416	705.165924	705.217738	611.29339	611.362657	
5.57552	705.19528	705.252644	611.322747	611.397564	
5.585639	705.225301	705.296277	611.352768	611.423744	
5.59577	705.255974	705.331184	611.383441	611.45865	
5.605887	705.287219	705.374817	611.414685	611.493557	
5.616561	705.320917	705.409724	611.448383	611.519737	
5.634374	705.379368	705.47081	611.506834	611.572097	
5.638804	705.393832	705.479537	611.521299	611.58955	
5.648854	705.427469	705.514444	611.554935	611.61573	
5.658944	705.461841	705.54935	611.589307	611.650636	
5.669134	705.497173	705.584257	611.624639	611.685543	
5.679254	705.532881	705.610437	611.660348	611.711723	
5.689384	705.56923	705.636617	611.696696	611.737903	
5.699483	705.606108	705.671523	611.733574	611.772809	
5.710049	705.645361	705.697703	611.772827	611.798989	
5.720729	705.685748	705.723883	611.813214	611.833896	
5.729923	705.720928	705.750063	611.848394	611.860076	
5.740026	705.760252	705.776243	611.887718	611.886256	
5.750141	705.800241	705.802423	611.927707	611.912436	
5.760322	705.841135	705.828603	611.968601	611.947342	
5.770399	705.882189	705.863509	612.009655	611.973522	
5.780532	705.924101	705.889689	612.051567	612.008429	
5.79072	705.966869	705.915869	612.094336	612.043335	
5.800765	706.009626	705.950776	612.137092	612.078242	
5.820348	706.095904	705.985682	612.22337	612.148055	
5.824764	706.115244	706.029316	612.24271	612.165508	
5.834907	706.160498	706.072949	612.287965	612.209142	
5.845025	706.206268	706.107855	612.333734	612.252775	
5.85517	706.25276	706.160215	612.380226	612.296408	
5.865269	706.29966	706.203849	612.427126	612.340041	
5.875443	706.347551	706.247482	612.475017	612.383675	
5.885554	706.395733	706.299842	612.5232	612.436035	
5.895716	706.444789	706.352202	612.572256	612.488394	
5.906235	706.496259	706.404561	612.623725	612.549481	
5.916335	706.546248	706.465648	612.673715	612.601841	
5.926892	706.599229	706.526734	612.726695	612.662927	
5.936661	706.648746	706.587821	612.776212	612.715287	
5.946784	706.700709	706.648908	612.828175	612.776374	
5.956919	706.753382	706.709994	612.880848	612.83746	
5.967069	706.80671	706.771081	612.934176	612.898547	
5.977201	706.860568	706.840894	612.988034	612.959633	
5.987314	706.91495	706.90198	613.042416	613.029446	
5.997489	706.970277	706.971793	613.097743	613.09926	
6.007607	707.0259	707.03288	613.153367	613.169073	
6.017885	707.083088	707.102693	613.210554	613.230159	
6.027971	707.139801	707.172506	613.267267	613.299973	
6.038061	707.197079	707.242319	613.324546	613.369786	
6.048252	707.255609	707.312133	613.383075	613.439599	
6.058287	707.313819	707.373219	613.441285	613.500685	
6.068396	707.375612	707.443032	613.503078	613.570499	
6.078641	707.433832	707.504119	613.561299	613.640312	
6.088986	707.496619	707.573932	613.624086	613.701398	
6.108262	707.614118	707.696105	613.741584	613.832298	
6.112763	707.641423	707.731012	613.768889	613.858478	
6.124092	707.711707	707.783372	613.839173	613.919564	
6.13327	707.76908	707.853185	613.896547	613.980651	
6.143292	707.832287	707.905545	613.959753	614.041737	
6.15343	707.896896	707.975358	614.024362	614.102824	
6.163517	707.961795	708.027718	614.089261	614.16391	
6.173708	708.028003	708.088804	614.155469	614.224997	
6.183836	708.094403	708.149891	614.221869	614.286084	
6.193979	708.161518	708.202251	614.288984	614.34717	
6.204111	708.229163	708.263337	614.356629	614.408257	
6.214212	708.297239	708.324424	614.424705	614.460616	
6.225394	708.373434	708.376784	614.5009	614.521703	
6.234603	708.436554	708.43787	614.56402	614.58279	
6.244717	708.506528	708.498957	614.633994	614.643876	
6.254906	708.577695	708.560043	614.705161	614.704963	
6.264937	708.648308	708.62113	614.775774	614.766049	
6.275077	708.720352	708.682216	614.847818	614.827136	
6.28524	708.793158	708.743303	614.920624	614.896949	
6.295378	708.866394	708.813116	614.99386	614.958035	
6.30547	708.939936	708.874202	615.067402	615.019122	
6.316347	709.01997	708.944016	615.147436	615.097662	
6.326718	709.096854	709.013829	615.22432	615.158748	
6.336209	709.167706	709.092369	615.295173	615.237288	
6.346229	709.243127	709.162182	615.370593	615.307101	
6.356404	709.320394	709.240721	615.44786	615.376914	
6.37601	709.472199	709.371621	615.599665	615.507814	
6.383275	709.52839	709.441434	615.655856	615.577627	
6.393206	709.605936	709.528701	615.733402	615.656167	
6.403741	709.688917	709.615967	615.816383	615.743433	
6.413836	709.76903	709.703234	615.896496	615.821973	
6.423975	709.850118	709.7905	615.977585	615.90924	
6.434465	709.934718	709.877767	616.062184	615.996506	
6.444285	710.014394	709.965033	616.14186	616.083773	
6.454413	710.097219	710.0523	616.224685	616.171039	
6.464512	710.180418	710.148293	616.307884	616.258306	
6.474671	710.264808	710.244286	616.392274	616.354299	
6.484811	710.349556	710.331552	616.477022	616.450292	
6.494966	710.435082	710.427545	616.562548	616.546285	
6.505064	710.520763	710.523538	616.648229	616.642278	
6.515172	710.6071	710.619532	616.734566	616.738271	
6.525385	710.695023	710.715525	616.822489	616.834264	
6.535861	710.785886	710.811518	616.913352	616.930257	
6.54568	710.871507	710.907511	616.998973	617.02625	
6.555773	710.96019	710.994777	617.087656	617.113517	
6.565888	711.049709	711.09077	617.177175	617.218237	
6.576078	711.140516	711.186764	617.267982	617.31423	
6.586183	711.231122	711.282757	617.358588	617.410223	
6.596318	711.322943	711.37875	617.450409	617.497489	
6.606474	711.414988	711.466016	617.542454	617.602209	
6.616559	711.507288	711.562009	617.634755	617.689476	
6.62672	711.600906	711.658003	617.728372	617.785469	
6.636949	711.695864	711.745269	617.82333	617.881462	
6.647088	711.790452	711.832535	617.917918	617.977455	
6.657169	711.885153	711.928529	618.012619	618.073448	
6.667302	711.980969	712.015795	618.108436	618.160714	
6.677435	712.077431	712.111788	618.204897	618.247981	
6.687623	712.17503	712.199055	618.302496	618.343974	
6.697725	712.272377	712.286321	618.399843	618.431241	
6.707845	712.370551	712.382314	618.498018	618.527234	
6.718	712.469675	712.478307	618.597141	618.6145	
6.728129	712.56917	712.565574	618.696636	618.701767	
6.738637	712.673121	712.661567	618.800588	618.79776	
6.748462	712.77079	712.75756	618.898257	618.885026	
6.758584	712.872026	712.844826	618.999492	618.981019	
6.768698	712.973805	712.94082	619.101271	619.068286	
6.778945	713.077607	713.036813	619.205073	619.155552	
6.788964	713.179655	713.132806	619.307121	619.251545	
6.799114	713.283649	713.228799	619.411115	619.347538	
6.80917	713.387304	713.333519	619.514771	619.443531	
6.819341	713.492801	713.420785	619.620267	619.539525	
6.829449	713.598224	713.525505	619.72569	619.635518	
6.83966	713.70536	713.630225	619.832826	619.740237	
6.849821	713.812558	713.734944	619.940025	619.836231	
6.859889	713.91938	713.830937	620.046846	619.94095	
6.870006	714.027381	713.944384	620.154847	620.04567	
6.880297	714.137879	714.049104	620.265345	620.159116	
6.890252	714.24529	714.153823	620.372756	620.272563	
6.900424	714.355736	714.258543	620.483202	620.377283	
6.910531	714.466065	714.371989	620.593532	620.490729	
6.920633	714.57693	714.485436	620.704396	620.604175	
6.930759	714.68873	714.607609	620.816196	620.726348	
6.941189	714.80457	714.721055	620.932036	620.848522	
6.951152	714.915707	714.843228	621.043173	620.970695	
6.96127	715.029203	714.956675	621.156669	621.092868	
6.971291	715.142221	715.078848	621.269688	621.215041	
6.981778	715.26124	715.201021	621.388706	621.337214	
6.991571	715.372871	715.331921	621.500337	621.468113	
7.001697	715.488912	715.46282	621.616379	621.599013	
7.011822	715.605615	715.584993	621.733081	621.721186	
7.021946	715.722934	715.715893	621.8504	621.860812	
7.032114	715.84136	715.846793	621.968826	621.982986	
7.042311	715.960773	715.986419	622.088239	622.122612	
7.060231	716.173266	716.213312	622.300732	622.349505	
7.064663	716.22522	716.274398	622.352686	622.410591	
7.074771	716.345533	716.405298	622.472999	622.541491	
7.084948	716.467291	716.544924	622.594757	622.681117	
7.095121	716.58961	716.667097	622.717076	622.80329	
7.105211	716.710678	716.806724	622.838144	622.93419	
7.115304	716.831782	716.928897	622.959248	623.06509	
7.125481	716.953906	717.059797	623.081372	623.187263	
7.136561	717.086962	717.18197	623.214428	623.309436	
7.153902	717.296854	717.408862	623.42432	623.536329	
7.158469	717.349786	717.461222	623.477252	623.588688	
7.168565	717.470902	717.583395	623.598368	623.702135	
7.178909	717.595078	717.705568	623.722544	623.815581	
7.188834	717.714166	717.819015	623.841632	623.937754	
7.199009	717.83629	717.941188	623.963756	624.051201	
7.209087	717.957166	718.045908	624.084632	624.164647	
7.219215	718.078714	718.168081	624.20618	624.28682	
7.229297	718.199734	718.2728	624.3272	624.400267	
7.240559	718.33489	718.394973	624.462356	624.531166	
7.250694	718.456486	718.50842	624.583952	624.635886	
7.260836	718.578202	718.621866	624.705668	624.758059	
7.271037	718.70059	718.726586	624.828056	624.862779	
7.281503	718.826242	718.840032	624.953708	624.976225	
7.291252	718.943194	718.953479	625.07066	625.089672	
7.301308	719.063842	719.058199	625.191308	625.194391	
7.311457	719.18563	719.171645	625.313096	625.307838	
7.321613	719.307514	719.285091	625.43498	625.421284	
7.331759	719.429314	719.389811	625.55678	625.534731	
7.341897	719.55097	719.511984	625.678436	625.648177	
7.352061	719.672902	719.625431	625.800368	625.761623	
7.362177	719.794306	719.738877	625.921772	625.87507	
7.372341	719.916238	719.86105	626.043704	625.997243	
7.390748	720.137218	720.079216	626.264684	626.206682	
7.395095	720.189274	720.131576	626.31674	626.259042	
7.414111	720.417526	720.358469	626.544992	626.485935	
7.41848	720.469906	720.410829	626.597372	626.538295	
7.428673	720.594178	720.541728	626.721644	626.660468	
7.439978	720.727966	720.663901	626.855432	626.782641	
7.449122	720.83767	720.786074	626.965136	626.904814	
7.459011	720.956278	720.908248	627.083744	627.026987	
7.469111	721.077526	721.030421	627.204992	627.14916	
7.479269	721.199422	721.16132	627.326888	627.271333	
7.489405	721.32103	721.29222	627.448496	627.393506	
7.499515	721.442314	721.414393	627.56978	627.524406	
7.509688	721.564402	721.536566	627.691868	627.655306	
7.519948	721.68757	721.667466	627.815036	627.777479	
7.530117	721.809586	721.798365	627.937052	627.899652	
7.541142	721.941922	721.920539	628.069388	628.039278	
7.55082	722.05807	722.051438	628.185536	628.170178	
7.568215	722.266762	722.278331	628.394228	628.388344	
7.572612	722.319466	722.330691	628.446932	628.44943	
7.582894	722.442886	722.461591	628.570352	628.58033	
7.593021	722.56441	722.59249	628.691876	628.71123	
7.603155	722.685982	722.714663	628.813448	628.842129	
7.613293	722.807698	722.845563	628.935164	628.973029	
7.623442	722.92945	722.976463	629.056916	629.103929	
7.633527	723.050458	723.098636	629.177924	629.226102	
7.644074	723.177142	723.229535	629.304608	629.365728	
7.653905	723.295006	723.351708	629.422472	629.487901	
7.664025	723.416446	723.473882	629.543912	629.610074	
7.674165	723.538126	723.596055	629.665592	629.732247	
7.684256	723.659194	723.718228	629.78666	629.85442	
7.694444	723.781498	723.840401	629.908964	629.976594	
7.704574	723.903034	723.962574	630.0305	630.098767	
7.7147	724.024522	724.084747	630.151988	630.229666	
7.724842	724.14625	724.20692	630.273716	630.343113	
7.735016	724.26835	724.320366	630.395816	630.465286	
7.745314	724.39201	724.442539	630.519476	630.587459	
7.7553	724.511758	724.555986	630.639224	630.709632	
7.76542	724.633186	724.678159	630.760652	630.823078	
7.775593	724.755262	724.791605	630.882728	630.936525	
7.785837	724.878202	724.905052	631.005668	631.058698	
7.795993	725.000074	725.027225	631.12754	631.163417	
7.806101	725.121358	725.140671	631.248824	631.276864	
7.816296	725.24371	725.254117	631.371176	631.39031	
7.82639	725.364814	725.367564	631.49228	631.503757	
7.836505	725.486218	725.48101	631.613684	631.617203	
7.847779	725.621542	725.603183	631.749008	631.730649	
7.857905	725.74303	725.71663	631.870496	631.844096	
7.868011	725.864278	725.830076	631.991744	631.948816	
7.87818	725.98633	725.952249	632.113796	632.053535	
7.888287	726.10759	726.056969	632.235056	632.166982	
7.898456	726.229642	726.179142	632.357108	632.280428	
7.908558	726.350854	726.292588	632.47832	632.385148	
7.918712	726.472726	726.406035	632.600192	632.498594	
7.928824	726.59407	726.528208	632.721536	632.612041	
7.938956	726.71569	726.650381	632.843156	632.734214	
7.949132	726.837778	726.772554	632.965244	632.856387	
7.95933	726.960166	726.886	633.087632	632.969833	
7.969405	727.081006	727.008173	633.208472	633.100733	
7.979608	727.203442	727.139073	633.330908	633.222906	
7.990052	727.328818	727.261246	633.456284	633.345079	
7.999808	727.44583	727.383419	633.573296	633.475979	
8.009933	727.567354	727.505592	633.69482	633.606878	
8.020236	727.691014	727.636492	633.81848	633.737778	
8.03018	727.810306	727.767391	633.937772	633.877404	
8.040395	727.932922	727.889565	634.060388	634.017031	
8.050493	728.054098	728.029191	634.181564	634.14793	
8.060631	728.17573	728.151364	634.303196	634.287557	
8.072274	728.317162	728.29099	634.444628	634.427183	
8.08099	728.420038	728.42189	634.547504	634.566809	
8.091488	728.546038	728.55279	634.673504	634.706436	
8.101204	728.662594	728.683689	634.79006	634.846062	
8.111389	728.784826	728.814589	634.912292	634.976962	
8.121437	728.905366	728.945489	635.032832	635.107862	
8.131521	729.026386	729.076388	635.153852	635.247488	
8.14178	729.14953	729.198561	635.276996	635.378388	
8.151879	729.270718	729.329461	635.398184	635.509287	
8.162015	729.392362	729.460361	635.519828	635.63146	
8.172123	729.51361	729.582534	635.641076	635.753633	
8.182351	729.636394	729.713434	635.76386	635.875806	
8.192951	729.763582	729.844333	635.891048	636.006706	
8.20284	729.882202	729.95778	636.009668	636.120152	
8.212989	730.00405	730.079953	636.131516	636.242326	
8.223278	730.127506	730.202126	636.254972	636.355772	
8.233218	730.24675	730.315572	636.374216	636.469218	
8.243377	730.36867	730.437745	636.496136	636.582665	
8.253651	730.491982	730.551192	636.619448	636.696111	
8.263745	730.613122	730.664638	636.740588	636.809558	
8.273836	730.734154	730.786811	636.86162	636.923004	
8.283964	730.855726	730.900258	636.983192	637.027724	
8.29413	730.977718	731.013704	637.105184	637.14117	
8.304225	731.098846	731.12715	637.226312	637.254616	
8.314359	731.220466	731.240597	637.347932	637.359336	
8.324546	731.342746	731.354043	637.470212	637.464056	
8.334606	731.463418	731.46749	637.590884	637.577502	
8.344736	731.58499	731.572209	637.712456	637.690949	
8.354942	731.707486	731.694382	637.834952	637.795669	
8.365103	731.829406	731.807829	637.956872	637.909115	
8.37525	731.951158	731.921275	638.078624	638.022561	
8.385604	732.075466	732.025995	638.202932	638.144734	
8.395478	732.19387	732.148168	638.321336	638.249454	
8.40715	732.333994	732.261614	638.46146	638.371627	
8.415771	732.437398	732.375061	638.564864	638.476347	
8.425898	732.558922	732.488507	638.686388	638.59852	
8.436039	732.680602	732.601954	638.808068	638.711966	
8.44614	732.801838	732.724127	638.929304	638.825413	
8.456446	732.925522	732.8463	639.052988	638.947586	
8.466468	733.045774	732.959746	639.17324	639.069759	
8.47663	733.167754	733.073192	639.29522	639.191932	
8.486785	733.28959	733.195365	639.417056	639.314105	
8.496865	733.410514	733.317539	639.53798	639.445005	
8.507038	733.532614	733.448438	639.66008	639.567178	
8.517157	733.65403	733.561885	639.781496	639.698077	
8.527347	733.776358	733.692784	639.903824	639.828977	
8.537414	733.897102	733.823684	640.024568	639.959877	
8.547511	734.018266	733.945857	640.145732	640.08205	
8.557728	734.140906	734.076757	640.268372	640.221676	
8.56788	734.262718	734.207656	640.390184	640.352576	
8.577988	734.383978	734.338556	640.511444	640.483476	
8.58813	734.505754	734.469456	640.63322	640.623102	
8.598227	734.62687	734.609082	640.754336	640.762728	
8.608492	734.750038	734.748709	640.877504	640.893628	
8.618534	734.870566	734.879608	640.998032	641.033254	
8.628652	734.991994	735.019235	641.11946	641.164154	
8.638793	735.11365	735.158861	641.241116	641.30378	
8.648943	735.23551	735.289761	641.362976	641.443407	
8.659126	735.357682	735.429387	641.485148	641.574306	
8.669246	735.479122	735.560287	641.606588	641.705206	
8.679418	735.601174	735.691186	641.72864	641.836106	
8.689473	735.72181	735.822086	641.849276	641.967005	
8.700049	735.848782	735.952986	641.976248	642.089179	
8.709843	735.966262	736.075159	642.093728	642.211352	
8.719883	736.086742	736.197332	642.214208	642.333525	
8.730014	736.208302	736.319505	642.335768	642.455698	
8.740112	736.329466	736.441678	642.456932	642.577871	
8.750309	736.45189	736.563851	642.579356	642.691317	
8.760526	736.574518	736.677297	642.701984	642.81349	
8.770602	736.695382	736.790744	642.822848	642.926937	
8.780699	736.816534	736.90419	642.944	643.031656	
8.790815	736.937926	737.017637	643.065392	643.153829	
8.809208	737.158702	737.122356	643.286168	643.345816	
8.813615	737.211538	737.261983	643.339004	643.398175	
8.823706	737.332618	737.366702	643.460084	643.502895	
8.833832	737.454118	737.471422	643.581584	643.607615	
8.843929	737.575306	737.576142	643.702772	643.712335	
8.854118	737.697586	737.689588	643.825052	643.817054	
8.864358	737.82049	737.794308	643.947956	643.921774	
8.874458	737.941678	737.907754	644.069144	644.035221	
8.884539	738.062638	738.021201	644.190104	644.13994	
8.894669	738.184222	738.125921	644.311688	644.253387	
8.90485	738.30637	738.239367	644.433836	644.358107	
8.914962	738.427678	738.352813	644.555144	644.48028	
8.925102	738.549394	738.46626	644.67686	644.584999	
8.935272	738.671422	738.588433	644.798888	644.707172	
8.945326	738.792046	738.701879	644.919512	644.820619	
8.955505	738.914218	738.824052	645.041684	644.942792	
8.965746	739.03711	738.946225	645.164576	645.064965	
8.97612	739.161658	739.068398	645.289124	645.187138	
8.98595	739.279546	739.199298	645.407012	645.309311	
8.996041	739.400626	739.321471	645.528092	645.431484	
9.006245	739.523086	739.452371	645.650552	645.553657	
9.016427	739.64527	739.583271	645.772736	645.684557	
9.026513	739.766314	739.705444	645.89378	645.80673	
9.036656	739.888018	739.836343	646.015484	645.928903	
9.046752	740.00917	739.967243	646.136636	646.059803	
9.057987	740.144086	740.098143	646.271552	646.190702	
9.067091	740.253322	740.229042	646.380788	646.321602	
9.078923	740.395318	740.359942	646.522784	646.469955	
9.087308	740.49583	740.490842	646.623296	646.583401	
9.097376	740.616646	740.621741	646.744112	646.714301	
9.107539	740.738626	740.752641	646.866092	646.845201	
9.117728	740.860882	740.883541	646.988348	646.984827	
9.127828	740.982118	741.014441	647.109584	647.115727	
9.137948	741.103522	741.136614	647.230988	647.246626	
9.148044	741.224662	741.267513	647.352128	647.386253	
9.159273	741.35953	741.398413	647.486996	647.517152	
9.168488	741.470002	741.529313	647.597468	647.648052	
9.178569	741.590986	741.660212	647.718452	647.787679	
9.188677	741.71227	741.782385	647.839736	647.918578	
9.198793	741.833662	741.913285	647.961128	648.049478	
9.208925	741.955318	742.044185	648.082784	648.180378	
9.219021	742.076422	742.166358	648.203888	648.311277	
9.229134	742.197754	742.288531	648.32522	648.43345	
9.23931	742.319854	742.410704	648.44732	648.555623	
9.249447	742.44151	742.532877	648.568976	648.677796	
9.260519	742.57338	742.65505	648.700846	648.799969	
9.269773	742.682952	742.777223	648.810418	648.922143	
9.279889	742.802195	742.899396	648.929661	649.035589	
9.289991	742.92064	743.012843	649.048106	649.157762	
9.30009	743.038487	743.126289	649.165953	649.262482	
9.310329	743.157335	743.239735	649.284802	649.375928	
9.321127	743.281978	743.353182	649.409444	649.489375	
9.330472	743.389282	743.466628	649.516748	649.594094	
9.340596	743.505261	743.571348	649.632727	649.698814	
9.350712	743.61988	743.684794	649.747346	649.81226	
9.361693	743.744019	743.789514	649.871486	649.91698	
9.371384	743.852895	743.894234	649.980362	650.0217	
9.381166	743.962298	743.990227	650.089764	650.117693	
9.391327	744.075244	744.094947	650.20271	650.222413	
9.401361	744.186235	744.19094	650.313701	650.327133	
9.411674	744.299689	744.29566	650.427155	650.423126	
9.421699	744.409329	744.391653	650.536796	650.519119	
9.4318	744.519232	744.487646	650.646699	650.623839	
9.441927	744.628794	744.592365	650.75626	650.728558	
9.452017	744.737337	744.697085	650.864803	650.824551	
9.462896	744.853763	744.801805	650.981229	650.929271	
9.480499	745.039711	744.976338	651.167178	651.112531	
9.484871	745.085901	745.028698	651.213367	651.156164	
9.495039	745.192688	745.124691	651.320154	651.260884	
9.505101	745.29774	745.238137	651.425206	651.365603	
9.515295	745.403555	745.342857	651.531021	651.470323	
9.525434	745.508218	745.447577	651.635684	651.58377	
9.535563	745.612094	745.561023	651.73956	651.688489	
9.545685	745.715317	745.67447	651.842783	651.793209	
9.55578	745.817677	745.779189	651.945143	651.906656	
9.567016	745.930883	745.901362	652.058349	652.028829	
9.576133	746.022186	746.006082	652.149652	652.133548	
9.586224	746.122641	746.128255	652.250108	652.246995	
9.596368	746.223029	746.232975	652.350495	652.360441	
9.606478	746.322451	746.346421	652.449917	652.473888	
9.616697	746.422386	746.459868	652.549852	652.578607	
9.626782	746.520322	746.573314	652.647788	652.692054	
9.636906	746.618071	746.678034	652.745538	652.8055	
9.64713	746.716169	746.79148	652.843635	652.918947	
9.657143	746.811603	746.8962	652.939069	653.023666	
9.668292	746.917192	746.992193	653.044658	653.137113	
9.677505	747.00393	747.096913	653.131396	653.233106	
9.687627	747.098531	747.192906	653.225998	653.337826	
9.697734	747.192421	747.297626	653.319888	653.433819	
9.707828	747.285602	747.384892	653.413068	653.529812	
9.718174	747.380471	747.489612	653.507938	653.625805	
9.728273	747.472475	747.576879	653.599942	653.713071	
9.738406	747.564534	747.664145	653.692	653.800338	
9.748569	747.655486	747.751411	653.782952	653.887604	
9.758818	747.747692	747.838678	653.875158	653.974871	
9.769635	747.842909	747.917218	653.970375	654.062137	
9.778979	747.925161	747.995758	654.052627	654.13195	
9.789067	748.0134	748.083024	654.140866	654.21049	
9.799286	748.10215	748.152837	654.229616	654.280303	
9.809295	748.188536	748.22265	654.316002	654.358843	
9.819514	748.276079	748.30119	654.403545	654.428656	
9.829618	748.361956	748.37973	654.489422	654.498469	
9.839799	748.447936	748.449543	654.575403	654.568283	
9.849841	748.53213	748.519356	654.659596	654.638096	
9.860273	748.618982	748.589169	654.746448	654.707909	
9.871013	748.707708	748.658983	654.835174	654.786449	
9.880612	748.786375	748.737522	654.913841	654.856262	
9.890654	748.868144	748.807336	654.99561	654.926075	
9.900765	748.949839	748.877149	655.077305	654.995888	
9.919259	749.096839	748.955689	655.224305	655.126788	
9.923633	749.131619	749.042955	655.259085	655.161695	
9.933813	749.211892	749.121495	655.339358	655.240234	
9.943908	749.290883	749.200035	655.418349	655.318774	
9.953998	749.369221	749.278575	655.496688	655.397314	
9.964168	749.447594	749.357114	655.57506	655.475854	
9.974366	749.525548	749.435654	655.653014	655.554394	
9.984531	749.60262	749.514194	655.730087	655.64166	
9.994644	749.678692	749.60146	655.806158	655.728927	
10.00479	749.754392	749.688727	655.881858	655.816193	
10.01488	749.829042	749.767267	655.956508	655.90346	
10.02541	749.906392	749.86326	656.033858	655.990726	
10.0355	749.979813	749.9418	656.107279	656.077992	
10.04567	750.053256	750.029066	656.180723	656.173986	
10.05575	750.125421	750.116333	656.252887	656.252525	
10.06587	750.197241	750.203599	656.324707	656.339792	
10.08035	750.298679	750.317045	656.426145	656.453238	
10.09047	750.369035	750.404312	656.496501	656.540505	
10.1006	750.438851	750.491578	656.566317	656.619045	
10.11069	750.507795	750.570118	656.635261	656.697584	
10.12083	750.576502	750.657385	656.703968	656.776124	
10.13104	750.645009	750.735924	656.772475	656.854664	
10.1411	750.71194	750.805738	656.839406	656.924477	
10.15129	750.77909	750.884277	656.906557	657.003017	
10.16133	750.844678	750.954091	656.972144	657.064103	
10.17173	750.91201	751.023904	657.039476	657.133917	
10.18167	750.975748	751.093717	657.103214	657.195003	
10.19178	751.03994	751.154803	657.167407	657.25609	
10.20195	751.103931	751.224617	657.231397	657.317176	
10.21202	751.166694	751.276977	657.29416	657.378263	
10.22219	751.229513	751.338063	657.356979	657.430623	
10.24031	751.33895	751.434056	657.466416	657.526616	
10.24467	751.365349	751.460236	657.492815	657.544069	
10.2548	751.425941	751.512596	657.553407	657.587702	
10.2649	751.485692	751.556229	657.613158	657.640062	
10.27507	751.545313	751.608589	657.672779	657.683695	
10.28527	751.604447	751.652222	657.731913	657.727329	
10.29547	751.66296	751.695856	657.790426	657.779688	
10.3055	751.719914	751.739489	657.84738	657.823322	
10.31561	751.776777	751.783122	657.904243	657.875682	
10.32586	751.833717	751.826755	657.961184	657.919315	
10.33592	751.889048	751.870388	658.016514	657.962948	
10.34602	751.944011	751.905295	658.071477	658.006581	
10.35614	751.99844	751.948928	658.125906	658.058941	
10.36626	752.052274	751.992562	658.17974	658.102574	
10.37644	752.105809	752.036195	658.233276	658.146208	
10.38665	752.158927	752.079828	658.286393	658.198568	
10.39675	752.210828	752.123461	658.338294	658.250927	
10.40685	752.262143	752.167094	658.389609	658.303287	
10.41702	752.313216	752.219454	658.440682	658.355647	
10.42709	752.363157	752.263088	658.490623	658.408007	
10.4373	752.413223	752.306721	658.540689	658.460367	
10.44746	752.462399	752.359081	658.589865	658.512727	
10.45755	752.510642	752.411441	658.638109	658.573813	
10.46764	752.558282	752.472527	658.685748	658.626173	
10.47781	752.605702	752.524887	658.733169	658.68726	
10.48803	752.652749	752.585973	658.780215	658.748346	
10.49812	752.698579	752.638333	658.826045	658.809433	
10.50823	752.743907	752.690693	658.871373	658.861793	
10.51841	752.789094	752.75178	658.91656	658.914153	
10.52882	752.834662	752.812866	658.962129	658.975239	
10.5387	752.876859	752.865226	659.004325	659.027599	
10.54881	752.919794	752.926313	659.04726	659.088685	
10.55889	752.961997	752.978673	659.089463	659.141045	
10.56907	753.003971	753.039759	659.131437	659.202132	
10.5794	753.046013	753.092119	659.17348	659.254492	
10.58943	753.08618	753.144479	659.213646	659.298125	
10.59962	753.126413	753.205565	659.253879	659.350485	
10.60965	753.165377	753.257925	659.292843	659.402845	
10.61979	753.204198	753.310285	659.331664	659.446478	
10.63023	753.243543	753.353918	659.371009	659.490111	
10.64003	753.2799	753.406278	659.407366	659.533744	
10.65014	753.316831	753.441185	659.444297	659.577378	
10.66027	753.353195	753.484818	659.480661	659.612284	
10.67038	753.388926	753.528451	659.516392	659.647191	
10.68055	753.424253	753.563358	659.551719	659.682097	
10.6907	753.458937	753.598264	659.586403	659.708277	
10.70092	753.493206	753.633171	659.620672	659.734457	
10.71102	753.526501	753.659351	659.653967	659.769364	
10.72109	753.559082	753.685531	659.686548	659.795544	
10.73157	753.59239	753.702984	659.719856	659.821724	
10.74137	753.622958	753.720437	659.750425	659.847904	
10.7515	753.653972	753.737891	659.781438	659.874084	
10.7616	753.684264	753.755344	659.811731	659.900264	
10.7717	753.714006	753.764071	659.841472	659.917717	
10.78189	753.743413	753.772797	659.870879	659.926443	
10.79213	753.772352	753.790251	659.899818	659.943897	
10.80214	753.800024	753.798977	659.927491	659.96135	
10.81229	753.82752	753.807704	659.954986	659.970077	
10.83032	753.874071	753.825157	660.001537	659.996257	
10.83468	753.885376	753.825157	660.012842	659.996257	
10.84484	753.911	753.842611	660.038467	660.004983	
10.85498	753.935955	753.842611	660.063421	660.01371	
10.86509	753.960275	753.860064	660.087741	660.022437	
10.87518	753.98394	753.86879	660.111406	660.031163	
10.88605	754.008772	753.877517	660.136238	660.03989	
10.89588	754.030686	753.89497	660.158152	660.048617	
10.90604	754.052718	753.912424	660.180184	660.048617	
10.91577	754.073284	753.92115	660.20075	660.06607	
10.92592	754.094153	753.938604	660.221619	660.06607	
10.93605	754.114412	753.964784	660.241878	660.083523	
10.94619	754.134097	753.982237	660.261563	660.100976	
10.95629	754.153124	754.008417	660.28059	660.109703	
10.96644	754.171651	754.034597	660.299117	660.127156	
10.97657	754.189579	754.05205	660.317045	660.153336	
10.98726	754.207844	754.086957	660.33531	660.17079	
10.99689	754.223801	754.113137	660.351267	660.205696	
11.007	754.239944	754.148043	660.36741	660.231876	
11.01711	754.255523	754.174223	660.382989	660.258056	
11.02722	754.270539	754.20913	660.398005	660.292963	
11.0374	754.285085	754.244036	660.412551	660.327869	
11.04755	754.299004	754.270216	660.42647	660.362776	
11.05762	754.312259	754.305123	660.439725	660.397682	
11.06779	754.325072	754.331303	660.452538	660.432589	
11.07788	754.337237	754.366209	660.464703	660.467496	
11.08853	754.349447	754.401116	660.476913	660.502402	
11.09821	754.36004	754.427296	660.487506	660.537309	
11.10871	754.370924	754.453476	660.49839	660.572215	
11.1185	754.380565	754.479656	660.508032	660.598395	
11.12885	754.390243	754.505836	660.517709	660.624575	
11.13875	754.39886	754.523289	660.526327	660.659482	
11.14899	754.407281	754.540742	660.534747	660.676935	
11.15901	754.414998	754.549469	660.542464	660.694388	
11.16911	754.422252	754.558196	660.549718	660.711842	
11.17922	754.428984	754.558196	660.55645	660.720568	
11.18976	754.435434	754.566922	660.5629	660.729295	
11.19962	754.440993	754.566922	660.568459	660.729295	
11.20967	754.446157	754.566922	660.573624	660.729295	
11.21979	754.450863	754.558196	660.57833	660.729295	
11.23005	754.455136	754.558196	660.582602	660.729295	
11.24029	754.458915	754.549469	660.586381	660.720568	
11.25016	754.46213	754.540742	660.589597	660.711842	
11.26031	754.46499	754.532016	660.592456	660.694388	
11.27043	754.467419	754.523289	660.594885	660.676935	
11.28057	754.469452	754.514562	660.596918	660.668208	
11.29098	754.471144	754.505836	660.59861	660.650755	
11.30088	754.475973	754.488382	660.603439	660.633302	
11.31104	754.475973	754.479656	660.603439	660.607122	
11.32109	754.475973	754.470929	660.603439	660.589669	
11.33126	754.475973	754.453476	660.603439	660.580942	
11.34165	754.475973	754.444749	660.603439	660.563489	
11.35151	754.475973	754.444749	660.603439	660.554762	
11.36164	754.475973	754.436022	660.603439	660.554762	
11.37174	754.475973	754.436022	660.603439	660.546035	
11.38207	754.475973	754.444749	660.603439	660.546035	
11.3981	754.475973	754.444749	660.603439	660.546035	
11.41384	754.475973	754.444749	660.603439	660.546035	
11.41928	754.475973	754.453476	660.603439	660.546035	
