1.851934	1287.37376	1287.37231	1193.51868	1193.51723	
1.859777	1287.3749	1287.37231	1193.51982	1193.51723	
1.871517	1287.37759	1287.37231	1193.52251	1193.52596	
1.879758	1287.3798	1287.37231	1193.52472	1193.52596	
1.889895	1287.38318	1287.37231	1193.5281	1193.52596	
1.900024	1287.38718	1287.37231	1193.5321	1193.52596	
1.910186	1287.39182	1287.37231	1193.53674	1193.52596	
1.920458	1287.39714	1287.37231	1193.54206	1193.52596	
1.930492	1287.40293	1287.37231	1193.54785	1193.52596	
1.940573	1287.40936	1287.38104	1193.55428	1193.52596	
1.950674	1287.41642	1287.38104	1193.56134	1193.52596	
1.961128	1287.4244	1287.38976	1193.56932	1193.52596	
1.971015	1287.4325	1287.38976	1193.57742	1193.52596	
1.981109	1287.4414	1287.39849	1193.58632	1193.52596	
1.991264	1287.45097	1287.39849	1193.59589	1193.52596	
2.001342	1287.46107	1287.40722	1193.60599	1193.52596	
2.019473	1287.48167	1287.41594	1193.62659	1193.54341	
2.023844	1287.48656	1287.42467	1193.63148	1193.54341	
2.033996	1287.49873	1287.42467	1193.64365	1193.55214	
2.044115	1287.51148	1287.4334	1193.6564	1193.56086	
2.054342	1287.525	1287.44212	1193.66992	1193.57832	
2.072626	1287.55159	1287.45958	1193.69651	1193.61322	
2.077019	1287.55791	1287.4683	1193.70283	1193.61322	
2.087128	1287.57326	1287.48576	1193.71817	1193.63068	
2.106148	1287.6048	1287.51194	1193.74972	1193.67431	
2.110996	1287.61278	1287.52066	1193.7577	1193.68304	
2.120654	1287.62936	1287.53812	1193.77428	1193.70922	
2.130777	1287.64737	1287.55557	1193.79229	1193.7354	
2.140889	1287.66598	1287.58175	1193.8109	1193.75285	
2.151028	1287.68525	1287.5992	1193.83017	1193.77903	
2.161332	1287.7055	1287.62538	1193.85042	1193.80521	
2.171354	1287.72576	1287.65156	1193.87068	1193.82266	
2.18144	1287.74676	1287.66902	1193.89168	1193.84884	
2.191568	1287.76848	1287.6952	1193.9134	1193.87502	
2.201709	1287.79084	1287.72138	1193.93576	1193.89247	
2.220179	1287.83409	1287.77374	1193.97901	1193.94483	
2.224606	1287.84437	1287.78246	1193.98929	1193.95356	
2.234692	1287.86861	1287.80864	1194.01353	1193.97974	
2.244999	1287.89402	1287.83482	1194.03894	1194.00592	
2.255133	1287.91961	1287.861	1194.06453	1194.0321	
2.265325	1287.94599	1287.89591	1194.09091	1194.04955	
2.275457	1287.9728	1287.92209	1194.11772	1194.08446	
2.285574	1288.0002	1287.94827	1194.14512	1194.10191	
2.295735	1288.02835	1287.98317	1194.17327	1194.13682	
2.305901	1288.05711	1288.00935	1194.20203	1194.163	
2.316057	1288.08649	1288.03553	1194.23141	1194.18918	
2.326162	1288.1163	1288.07044	1194.26122	1194.21536	
2.336372	1288.14707	1288.09662	1194.29199	1194.25027	
2.346422	1288.17795	1288.13153	1194.32287	1194.27645	
2.356524	1288.20961	1288.16643	1194.35453	1194.31135	
2.376618	1288.27564	1288.22752	1194.42056	1194.38117	
2.381	1288.28993	1288.24497	1194.43484	1194.39862	
2.391161	1288.32387	1288.27988	1194.46879	1194.43353	
2.40124	1288.35816	1288.32351	1194.50308	1194.46843	
2.411401	1288.39336	1288.35842	1194.53827	1194.51207	
2.421526	1288.42903	1288.40205	1194.57395	1194.54697	
2.431663	1288.46537	1288.43696	1194.61029	1194.59061	
2.441898	1288.50269	1288.47187	1194.64761	1194.62551	
2.451916	1288.53982	1288.5155	1194.68474	1194.66042	
2.463545	1288.58379	1288.55913	1194.72871	1194.71278	
2.473651	1288.62255	1288.59404	1194.76747	1194.74769	
2.483774	1288.662	1288.63767	1194.80692	1194.78259	
2.493973	1288.70239	1288.68131	1194.84731	1194.82623	
2.504053	1288.74289	1288.71621	1194.88781	1194.86986	
2.51423	1288.78441	1288.75112	1194.92933	1194.90477	
2.524394	1288.82651	1288.79475	1194.97143	1194.9484	
2.534511	1288.86902	1288.83839	1195.01394	1194.99203	
2.544673	1288.91233	1288.88202	1195.05725	1195.02694	
2.554741	1288.95586	1288.92565	1195.10078	1195.07057	
2.564932	1289.00055	1288.96056	1195.14547	1195.11421	
2.575185	1289.04615	1289.01292	1195.19107	1195.14911	
2.585695	1289.09357	1289.04783	1195.23849	1195.19275	
2.595617	1289.13886	1289.10019	1195.28378	1195.23638	
2.605476	1289.18447	1289.14382	1195.32939	1195.28874	
2.615662	1289.23224	1289.18745	1195.37715	1195.33237	
2.625863	1289.28069	1289.23981	1195.42561	1195.376	
2.635928	1289.3291	1289.28345	1195.47402	1195.42836	
2.646045	1289.37838	1289.32708	1195.5233	1195.472	
2.656169	1289.42831	1289.37944	1195.57323	1195.51563	
2.66638	1289.47931	1289.4318	1195.62423	1195.56799	
2.676811	1289.53206	1289.47543	1195.67698	1195.62035	
2.68662	1289.5822	1289.52779	1195.72711	1195.67271	
2.696801	1289.63489	1289.58015	1195.77981	1195.72507	
2.706863	1289.68758	1289.62378	1195.8325	1195.77743	
2.717024	1289.74141	1289.68487	1195.88633	1195.82979	
2.727212	1289.796	1289.73723	1195.94092	1195.88215	
2.737303	1289.85067	1289.78959	1195.99559	1195.94324	
2.74746	1289.90634	1289.85068	1196.05125	1196.00432	
2.757534	1289.96214	1289.90304	1196.10706	1196.06541	
2.768003	1290.02082	1289.96412	1196.16574	1196.1265	
2.77812	1290.07812	1290.02521	1196.22304	1196.18758	
2.788221	1290.13592	1290.0863	1196.28084	1196.24867	
2.79834	1290.19446	1290.14738	1196.33938	1196.30103	
2.808494	1290.25384	1290.20847	1196.39876	1196.36212	
2.818611	1290.31356	1290.26956	1196.45848	1196.4232	
2.828758	1290.37415	1290.33937	1196.51906	1196.49302	
2.83886	1290.43502	1290.40046	1196.57994	1196.5541	
2.849038	1290.497	1290.46154	1196.64192	1196.61519	
2.859488	1290.56131	1290.53136	1196.70623	1196.67627	
2.869309	1290.62229	1290.59244	1196.76721	1196.73736	
2.879691	1290.68741	1290.65353	1196.83233	1196.80717	
2.889864	1290.75185	1290.71462	1196.89677	1196.86826	
2.899899	1290.81601	1290.7757	1196.96093	1196.92935	
2.910052	1290.88159	1290.84551	1197.02651	1196.99916	
2.920187	1290.94758	1290.91533	1197.0925	1197.06025	
2.930387	1291.01469	1290.98514	1197.15961	1197.12133	
2.940485	1291.0817	1291.04623	1197.22662	1197.19115	
2.950549	1291.14912	1291.11604	1197.29404	1197.26096	
2.961031	1291.22001	1291.18585	1197.36493	1197.33077	
2.970867	1291.28709	1291.25567	1197.432	1197.40059	
2.981014	1291.35689	1291.32548	1197.5018	1197.46167	
2.991146	1291.42721	1291.40402	1197.57213	1197.53149	
3.001215	1291.49771	1291.47383	1197.64263	1197.6013	
3.01138	1291.56953	1291.54365	1197.71445	1197.67984	
3.021494	1291.64156	1291.61346	1197.78648	1197.74965	
3.031785	1291.71553	1291.692	1197.86044	1197.82819	
3.041837	1291.78835	1291.77054	1197.93327	1197.89801	
3.059754	1291.92053	1291.90144	1198.06545	1198.02891	
3.064126	1291.95269	1291.93635	1198.09761	1198.06381	
3.074592	1292.03064	1292.01489	1198.17556	1198.15108	
3.084396	1292.10413	1292.0847	1198.24905	1198.22962	
3.094556	1292.18098	1292.16324	1198.3259	1198.30816	
3.104683	1292.25815	1292.24178	1198.40307	1198.37797	
3.114834	1292.33616	1292.31159	1198.48108	1198.45651	
3.124962	1292.41459	1292.39886	1198.55951	1198.53505	
3.135166	1292.49427	1292.4774	1198.63919	1198.62232	
3.145249	1292.57356	1292.55594	1198.71848	1198.70958	
3.155338	1292.65353	1292.63448	1198.79845	1198.78812	
3.165494	1292.73465	1292.71302	1198.87957	1198.86666	
3.175743	1292.81724	1292.80028	1198.96216	1198.95393	
3.19373	1292.96432	1292.93991	1199.10924	1199.09356	
3.198097	1292.99996	1292.97482	1199.14488	1199.12846	
3.208347	1293.08449	1293.06208	1199.22941	1199.21573	
3.218376	1293.16778	1293.14062	1199.3127	1199.303	
3.228492	1293.25239	1293.21916	1199.39731	1199.39026	
3.238637	1293.33789	1293.30643	1199.48281	1199.4688	
3.248813	1293.42428	1293.3937	1199.5692	1199.55607	
3.258849	1293.51006	1293.48096	1199.65498	1199.63461	
3.270197	1293.60795	1293.56823	1199.75286	1199.72187	
3.279224	1293.68614	1293.65549	1199.83106	1199.80914	
3.289277	1293.77386	1293.74276	1199.91878	1199.89641	
3.299365	1293.86254	1293.83875	1200.00746	1199.98367	
3.309471	1293.95199	1293.92602	1200.0969	1200.07094	
3.319793	1294.04403	1294.01329	1200.18895	1200.15821	
3.3298	1294.1338	1294.10055	1200.27872	1200.2542	
3.339891	1294.22498	1294.19655	1200.3699	1200.35019	
3.350023	1294.3171	1294.28381	1200.46202	1200.43746	
3.360116	1294.40951	1294.37981	1200.55443	1200.53345	
3.379745	1294.5922	1294.56307	1200.73712	1200.71671	
3.384459	1294.63588	1294.6067	1200.7808	1200.75162	
3.394485	1294.72971	1294.70269	1200.87463	1200.85634	
3.404644	1294.82545	1294.78996	1200.97037	1200.94361	
3.414748	1294.92127	1294.89468	1201.06619	1201.0396	
3.424935	1295.01852	1294.98195	1201.16344	1201.14432	
3.435091	1295.11609	1295.08666	1201.26101	1201.24031	
3.445239	1295.21415	1295.18266	1201.35907	1201.3363	
3.455405	1295.31305	1295.27865	1201.45797	1201.44102	
3.465463	1295.41146	1295.38337	1201.55638	1201.53702	
3.475686	1295.51219	1295.47936	1201.65711	1201.64174	
3.485837	1295.61281	1295.57536	1201.75772	1201.73773	
3.495963	1295.71371	1295.68008	1201.85863	1201.84245	
3.50612	1295.81561	1295.7848	1201.96053	1201.93844	
3.516201	1295.91734	1295.88079	1202.06226	1202.04316	
3.526392	1296.02084	1295.98551	1202.16576	1202.14788	
3.536594	1296.12502	1296.09023	1202.26994	1202.2526	
3.546684	1296.22871	1296.19495	1202.37363	1202.35732	
3.556749	1296.33271	1296.29967	1202.47763	1202.47077	
3.566889	1296.43814	1296.40439	1202.58306	1202.57549	
3.577115	1296.54513	1296.50911	1202.69005	1202.68021	
3.587255	1296.65176	1296.61383	1202.79667	1202.79365	
3.597368	1296.75873	1296.72727	1202.90365	1202.89837	
3.607502	1296.86653	1296.83199	1203.01145	1203.00309	
3.617604	1296.97464	1296.93671	1203.11956	1203.10781	
3.628018	1297.08673	1297.05016	1203.23165	1203.22126	
3.638131	1297.19619	1297.16361	1203.34111	1203.32598	
3.648505	1297.30914	1297.26833	1203.45406	1203.4307	
3.658539	1297.41896	1297.38177	1203.56387	1203.54415	
3.668639	1297.53015	1297.49522	1203.67507	1203.64887	
3.678853	1297.6432	1297.59994	1203.78812	1203.75359	
3.689063	1297.75684	1297.71339	1203.90176	1203.8583	
3.699131	1297.86948	1297.82683	1204.0144	1203.97175	
3.70924	1297.98322	1297.93155	1204.12814	1204.0852	
3.719673	1298.10124	1298.05372	1204.24616	1204.18992	
3.729516	1298.21315	1298.15844	1204.35807	1204.30336	
3.739621	1298.32869	1298.28062	1204.47361	1204.41681	
3.749957	1298.44754	1298.39406	1204.59246	1204.53026	
3.759886	1298.56222	1298.51624	1204.70714	1204.6437	
3.770066	1298.68047	1298.62968	1204.82539	1204.75715	
3.780244	1298.79934	1298.75186	1204.94426	1204.87932	
3.790432	1298.9189	1298.87403	1205.06382	1204.99277	
3.800583	1299.03867	1298.98748	1205.18359	1205.11494	
3.810566	1299.15704	1299.10965	1205.30196	1205.23711	
3.821147	1299.28324	1299.23182	1205.42816	1205.36801	
3.830819	1299.39904	1299.35399	1205.54396	1205.48146	
3.840982	1299.521	1299.47617	1205.66592	1205.61236	
3.85135	1299.64544	1299.60707	1205.79036	1205.74326	
3.861189	1299.76347	1299.72924	1205.90839	1205.86543	
3.871356	1299.88552	1299.85141	1206.03044	1205.98761	
3.881509	1300.0074	1299.98231	1206.15232	1206.11851	
3.891677	1300.12936	1300.11321	1206.27428	1206.24941	
3.901824	1300.25108	1300.23539	1206.396	1206.38031	
3.911921	1300.37227	1300.37501	1206.51719	1206.51121	
3.922438	1300.4985	1300.49719	1206.64342	1206.64211	
3.932501	1300.6192	1300.62809	1206.76412	1206.76428	
3.942627	1300.74073	1300.75898	1206.88565	1206.89518	
3.952805	1300.86286	1300.88116	1207.00778	1207.01735	
3.962888	1300.98385	1301.01206	1207.12877	1207.14825	
3.973029	1301.10559	1301.13423	1207.25051	1207.27042	
3.983306	1301.22892	1301.26513	1207.37384	1207.40132	
3.993404	1301.35008	1301.3873	1207.495	1207.5235	
4.003514	1301.47135	1301.50948	1207.61627	1207.64567	
4.013611	1301.5925	1301.63165	1207.73742	1207.76784	
4.023805	1301.71488	1301.75382	1207.8598	1207.89002	
4.041864	1301.93157	1301.96326	1208.07649	1208.09945	
4.046224	1301.98388	1302.01562	1208.1288	1208.15181	
4.05638	1302.10576	1302.1378	1208.25068	1208.27399	
4.066462	1302.22674	1302.25124	1208.37166	1208.38743	
4.076618	1302.34861	1302.37341	1208.49353	1208.50088	
4.08676	1302.47035	1302.48686	1208.61527	1208.63178	
4.106793	1302.71078	1302.72248	1208.8557	1208.8674	
4.111194	1302.76352	1302.77484	1208.90844	1208.91976	
4.121281	1302.88461	1302.88829	1209.02953	1209.04193	
4.131454	1303.00666	1303.01046	1209.15158	1209.16411	
4.14156	1303.12791	1303.13263	1209.27283	1209.28628	
4.151692	1303.2495	1303.25481	1209.39442	1209.40845	
4.161924	1303.37233	1303.37698	1209.51725	1209.53062	
4.17198	1303.49298	1303.49915	1209.6379	1209.6528	
4.183488	1303.63113	1303.62132	1209.77605	1209.79242	
4.192665	1303.74121	1303.7435	1209.88613	1209.89714	
4.202694	1303.86152	1303.86567	1210.00644	1210.01932	
4.21283	1303.98314	1303.99657	1210.12806	1210.14149	
4.222942	1304.1045	1304.11002	1210.24942	1210.26366	
4.233107	1304.22651	1304.24092	1210.37143	1210.38584	
4.243388	1304.3499	1304.36309	1210.49482	1210.49928	
4.25338	1304.46976	1304.48526	1210.61468	1210.62146	
4.26355	1304.5918	1304.60744	1210.73672	1210.74363	
4.273645	1304.71292	1304.72961	1210.85784	1210.8658	
4.284759	1304.84638	1304.85178	1210.9913	1210.9967	
4.294202	1304.95964	1304.98268	1211.10456	1211.11015	
4.304263	1305.08035	1305.10485	1211.22527	1211.23232	
4.314435	1305.20244	1305.2183	1211.34736	1211.34577	
4.324524	1305.32348	1305.34047	1211.4684	1211.46794	
4.334698	1305.44558	1305.46265	1211.5905	1211.59011	
4.344832	1305.56716	1305.57609	1211.71208	1211.71229	
4.354949	1305.68858	1305.69827	1211.8335	1211.82573	
4.365108	1305.81049	1305.82044	1211.95541	1211.94791	
4.375328	1305.93316	1305.94261	1212.07808	1212.07881	
4.386069	1306.06213	1306.06479	1212.20705	1212.20098	
4.395541	1306.1757	1306.18696	1212.32062	1212.31443	
4.405634	1306.29681	1306.30913	1212.44173	1212.4366	
4.415812	1306.41898	1306.4313	1212.5639	1212.55877	
4.425978	1306.54092	1306.55348	1212.68584	1212.68094	
4.436088	1306.66225	1306.66692	1212.80717	1212.80312	
4.446204	1306.78368	1306.7891	1212.9286	1212.92529	
4.456351	1306.9054	1306.91127	1213.05032	1213.04746	
4.466656	1307.0291	1307.03344	1213.17402	1213.16964	
4.476567	1307.148	1307.15562	1213.29292	1213.30054	
4.487397	1307.27804	1307.28652	1213.42296	1213.42271	
4.496956	1307.3927	1307.40869	1213.53762	1213.54488	
4.507024	1307.51348	1307.53086	1213.6584	1213.66706	
4.517186	1307.63542	1307.65304	1213.78034	1213.78923	
4.527289	1307.75665	1307.77521	1213.90157	1213.9114	
4.537448	1307.8786	1307.89738	1214.02352	1214.03357	
4.547559	1307.99988	1308.01955	1214.1448	1214.15575	
4.557663	1308.12115	1308.14173	1214.26607	1214.27792	
4.568059	1308.24594	1308.25517	1214.39086	1214.40009	
4.578212	1308.36894	1308.37735	1214.51386	1214.52227	
4.588677	1308.49341	1308.49952	1214.63833	1214.65317	
4.598424	1308.6103	1308.61297	1214.75522	1214.76661	
4.608593	1308.73233	1308.73514	1214.87725	1214.88879	
4.618641	1308.85288	1308.85731	1214.9978	1215.01096	
4.628745	1308.97417	1308.97949	1215.11909	1215.12441	
4.639333	1309.10125	1309.10166	1215.24617	1215.2553	
4.649414	1309.22217	1309.22383	1215.36709	1215.37748	
4.659522	1309.34346	1309.346	1215.48838	1215.49092	
4.669656	1309.4651	1309.45945	1215.61002	1215.60437	
4.679773	1309.58652	1309.58162	1215.73144	1215.72654	
4.691133	1309.72284	1309.71252	1215.86776	1215.86617	
4.701271	1309.84447	1309.8347	1215.98939	1215.97962	
4.711405	1309.96604	1309.94814	1216.11096	1216.10179	
4.721504	1310.08725	1310.07032	1216.23217	1216.22396	
4.731632	1310.20881	1310.19249	1216.35373	1216.33741	
4.741743	1310.33012	1310.31466	1216.47504	1216.45958	
4.751973	1310.45293	1310.43684	1216.59785	1216.58176	
4.76213	1310.57474	1310.55901	1216.71966	1216.70393	
4.772196	1310.69562	1310.68118	1216.84054	1216.8261	
4.782433	1310.8184	1310.80335	1216.96332	1216.94827	
4.792681	1310.94141	1310.93425	1217.08633	1217.07045	
4.802724	1311.06193	1311.05643	1217.20685	1217.19262	
4.812857	1311.18351	1311.1786	1217.32843	1217.31479	
4.82297	1311.30484	1311.30077	1217.44976	1217.43697	
4.833146	1311.42697	1311.42295	1217.57189	1217.55914	
4.843255	1311.54825	1311.55385	1217.69317	1217.68131	
4.8534	1311.67002	1311.67602	1217.81494	1217.81221	
4.863533	1311.7916	1311.79819	1217.93652	1217.94311	
4.873891	1311.91596	1311.92909	1218.06088	1218.06528	
4.883788	1312.03466	1312.05127	1218.17958	1218.18746	
4.894038	1312.1577	1312.17344	1218.30262	1218.30963	
4.904173	1312.2793	1312.29561	1218.42422	1218.44053	
4.914273	1312.40047	1312.41778	1218.54539	1218.55398	
4.924417	1312.52222	1312.53996	1218.66714	1218.68488	
4.934516	1312.64338	1312.66213	1218.7883	1218.80705	
4.944761	1312.76635	1312.7843	1218.91127	1218.92922	
4.954799	1312.8868	1312.90648	1219.03172	1219.04267	
4.964942	1313.0085	1313.02865	1219.15342	1219.16484	
4.975099	1313.13044	1313.15082	1219.27536	1219.28702	
4.985203	1313.25164	1313.26427	1219.39656	1219.40919	
4.995586	1313.37628	1313.38644	1219.5212	1219.53136	
5.005562	1313.49596	1313.49989	1219.64088	1219.65353	
5.015693	1313.61751	1313.62206	1219.76243	1219.76698	
5.025826	1313.73909	1313.74423	1219.88401	1219.88915	
5.035927	1313.86033	1313.86641	1220.00525	1220.01133	
5.046104	1313.98244	1313.98858	1220.12736	1220.12477	
5.056209	1314.1037	1314.10203	1220.24862	1220.24695	
5.066364	1314.22555	1314.2242	1220.37047	1220.36912	
5.076493	1314.3471	1314.33765	1220.49202	1220.49129	
5.08662	1314.46864	1314.45982	1220.61356	1220.60474	
5.09688	1314.59181	1314.58199	1220.73673	1220.73564	
5.10698	1314.71296	1314.70417	1220.85788	1220.85781	
5.117089	1314.83426	1314.82634	1220.97918	1220.97126	
5.127284	1314.95662	1314.94851	1221.10154	1221.09343	
5.137329	1315.07713	1315.07068	1221.22205	1221.2156	
5.147501	1315.1992	1315.19286	1221.34412	1221.33778	
5.157612	1315.32054	1315.31503	1221.46546	1221.45995	
5.16775	1315.44218	1315.4372	1221.5871	1221.59085	
5.17791	1315.56411	1315.55938	1221.70903	1221.71302	
5.188243	1315.68906	1315.68155	1221.83398	1221.8352	
5.198238	1315.8081	1315.80372	1221.95302	1221.95737	
5.208381	1315.9298	1315.9259	1222.07472	1222.07954	
5.218492	1316.05111	1316.04807	1222.19603	1222.20172	
5.228609	1316.17248	1316.17024	1222.3174	1222.31516	
5.238707	1316.29374	1316.29242	1222.43866	1222.43733	
5.248926	1316.41635	1316.41459	1222.56127	1222.55951	
5.259057	1316.53789	1316.53676	1222.68281	1222.67295	
5.269126	1316.65869	1316.65893	1222.80361	1222.79513	
5.279296	1316.78074	1316.78111	1222.92566	1222.9173	
5.289698	1316.9056	1316.89455	1223.05052	1223.03947	
5.299555	1317.02389	1317.01673	1223.16881	1223.15292	
5.309718	1317.14584	1317.1389	1223.29076	1223.27509	
5.319823	1317.26708	1317.26107	1223.412	1223.39727	
5.329973	1317.38887	1317.37452	1223.53379	1223.51071	
5.34006	1317.50994	1317.49669	1223.65486	1223.63289	
5.35022	1317.63184	1317.61887	1223.77676	1223.75506	
5.360375	1317.7537	1317.74104	1223.89862	1223.87723	
5.370972	1317.88412	1317.86321	1224.02904	1223.9994	
5.380597	1317.99642	1317.98538	1224.14134	1224.12158	
5.391218	1318.12388	1318.10756	1224.2688	1224.24375	
5.401033	1318.24166	1318.22973	1224.38658	1224.36592	
5.411167	1318.36326	1318.3519	1224.50818	1224.4881	
5.421262	1318.48435	1318.4828	1224.62927	1224.619	
5.431396	1318.60594	1318.60498	1224.75086	1224.74117	
5.441528	1318.72756	1318.72715	1224.87248	1224.87207	
5.451646	1318.84894	1318.85805	1224.99386	1224.99424	
5.46181	1318.97091	1318.98022	1225.11583	1225.11642	
5.471974	1319.09289	1319.11112	1225.23781	1225.24731	
5.482149	1319.21498	1319.2333	1225.3599	1225.37821	
5.492415	1319.33822	1319.36419	1225.48314	1225.50039	
5.502628	1319.46076	1319.48637	1225.60568	1225.62256	
5.51282	1319.58304	1319.60854	1225.72796	1225.75346	
5.522897	1319.70397	1319.73071	1225.84889	1225.87563	
5.533006	1319.82525	1319.85289	1225.97017	1225.99781	
5.543221	1319.94787	1319.97506	1226.09279	1226.11998	
5.553267	1320.06838	1320.09723	1226.2133	1226.25088	
5.56343	1320.19035	1320.21941	1226.33527	1226.36433	
5.573573	1320.31207	1320.33285	1226.45699	1226.47777	
5.583669	1320.43322	1320.45503	1226.57814	1226.59995	
5.593876	1320.55573	1320.56847	1226.70065	1226.72212	
5.60404	1320.67771	1320.69064	1226.82263	1226.83556	
5.614225	1320.7999	1320.81282	1226.94482	1226.95774	
5.624316	1320.92103	1320.92626	1227.06595	1227.07118	
5.634415	1321.04217	1321.03971	1227.18709	1227.19336	
5.644584	1321.16421	1321.16188	1227.30913	1227.3068	
5.65471	1321.28574	1321.27533	1227.43066	1227.42898	
5.664896	1321.40793	1321.38878	1227.55285	1227.55115	
5.67498	1321.52895	1321.51095	1227.67387	1227.6646	
5.685082	1321.65016	1321.6244	1227.79508	1227.78677	
5.695467	1321.77483	1321.73784	1227.91975	1227.90894	
5.705445	1321.8946	1321.86002	1228.03952	1228.03111	
5.715583	1322.0162	1321.98219	1228.16112	1228.14456	
5.725698	1322.1376	1322.10436	1228.28252	1228.26673	
5.735797	1322.25876	1322.22653	1228.40368	1228.38891	
5.746119	1322.38268	1322.34871	1228.5276	1228.50235	
5.756104	1322.50245	1322.47088	1228.64737	1228.63325	
5.766248	1322.62416	1322.59305	1228.76908	1228.7467	
5.776358	1322.7455	1322.69777	1228.89042	1228.86887	
5.786492	1322.86707	1322.82867	1229.01199	1228.99105	
5.796819	1322.9911	1322.95085	1229.13602	1229.12195	
5.806763	1323.1104	1323.08175	1229.25532	1229.24412	
5.817001	1323.23325	1323.20392	1229.37817	1229.35757	
5.827061	1323.35395	1323.32609	1229.49887	1229.47974	
5.837185	1323.47542	1323.45699	1229.62034	1229.60191	
5.84735	1323.5974	1323.58789	1229.74232	1229.72408	
5.857478	1323.71894	1323.71006	1229.86386	1229.84626	
5.867594	1323.84033	1323.83224	1229.98525	1229.96843	
5.877764	1323.96237	1323.95441	1230.10729	1230.0906	
5.887925	1324.08433	1324.08531	1230.22925	1230.21278	
5.89828	1324.2095	1324.20748	1230.35442	1230.33495	
5.908234	1324.32806	1324.32966	1230.47298	1230.46585	
5.918356	1324.44951	1324.45183	1230.59443	1230.58802	
5.928485	1324.57104	1324.574	1230.71596	1230.70147	
5.938602	1324.69244	1324.68745	1230.83736	1230.82364	
5.948687	1324.81347	1324.80962	1230.95839	1230.94581	
5.958858	1324.93552	1324.9318	1231.08044	1231.06799	
5.969057	1325.05788	1325.05397	1231.2028	1231.19016	
5.979124	1325.17869	1325.17614	1231.32361	1231.31233	
5.989222	1325.29988	1325.29831	1231.4448	1231.43451	
5.999582	1325.4233	1325.42049	1231.56822	1231.55668	
6.00955	1325.5414	1325.54266	1231.68632	1231.68758	
6.019682	1325.66078	1325.66483	1231.8057	1231.80975	
6.029799	1325.77942	1325.78701	1231.92434	1231.9232	
6.039898	1325.89726	1325.90918	1232.04218	1232.0541	
6.05005	1326.01513	1326.03135	1232.16005	1232.17627	
6.060145	1326.13167	1326.15353	1232.27659	1232.29845	
6.070313	1326.24846	1326.2757	1232.39338	1232.42062	
6.080453	1326.3643	1326.39787	1232.50922	1232.54279	
6.101501	1326.60154	1326.52004	1232.74646	1232.78714	
6.107463	1326.66884	1326.69458	1232.81376	1232.84822	
6.116008	1326.76457	1326.81675	1232.90949	1232.95294	
6.126196	1326.8782	1326.9302	1233.02312	1233.06639	
6.136301	1326.99029	1327.03492	1233.13521	1233.17984	
6.146403	1327.10175	1327.14836	1233.24667	1233.30201	
6.156563	1327.21322	1327.25308	1233.35813	1233.41546	
6.166687	1327.32371	1327.3578	1233.46863	1233.52018	
6.176882	1327.43432	1327.46252	1233.57924	1233.63362	
6.186972	1327.5432	1327.56724	1233.68812	1233.74707	
6.197045	1327.65128	1327.68069	1233.7962	1233.86051	
6.208368	1327.77209	1327.78541	1233.91701	1233.97396	
6.217403	1327.86792	1327.89013	1234.01284	1234.06995	
6.22751	1327.9745	1328.00357	1234.11942	1234.17467	
6.237646	1328.08084	1328.10829	1234.22576	1234.27939	
6.248243	1328.19217	1328.21301	1234.33709	1234.38411	
6.25797	1328.29216	1328.31773	1234.43708	1234.48883	
6.268045	1328.39605	1328.42245	1234.54096	1234.59355	
6.278201	1328.50009	1328.52717	1234.64501	1234.69827	
6.288296	1328.60294	1328.63189	1234.74786	1234.79427	
6.298373	1328.70507	1328.72789	1234.84999	1234.89026	
6.309754	1328.81955	1328.83261	1234.96447	1235.00371	
6.318717	1328.90921	1328.9286	1235.05413	1235.09097	
6.328904	1329.01049	1329.03332	1235.15541	1235.18696	
6.338941	1329.10973	1329.13804	1235.25465	1235.28296	
6.349491	1329.21343	1329.23403	1235.35835	1235.37895	
6.359239	1329.30857	1329.33002	1235.45349	1235.48367	
6.369322	1329.40644	1329.43474	1235.55136	1235.57966	
6.37949	1329.50453	1329.53946	1235.64945	1235.67566	
6.389595	1329.60137	1329.63546	1235.74629	1235.77165	
6.39978	1329.69839	1329.73145	1235.84331	1235.86764	
6.411206	1329.80642	1329.83617	1235.95134	1235.98109	
6.420039	1329.88948	1329.93216	1236.0344	1236.06836	
6.430186	1329.98426	1330.02816	1236.12918	1236.16435	
6.44026	1330.07782	1330.13288	1236.22274	1236.26034	
6.458701	1330.24654	1330.22887	1236.39146	1236.43488	
6.463079	1330.28663	1330.35104	1236.43155	1236.47851	
6.473228	1330.37886	1330.44704	1236.52378	1236.5745	
6.483343	1330.47016	1330.54303	1236.61508	1236.67049	
6.493456	1330.56085	1330.62157	1236.70577	1236.76649	
6.50367	1330.65184	1330.70883	1236.79676	1236.85375	
6.513897	1330.74236	1330.78737	1236.88728	1236.94975	
6.523956	1330.83072	1330.87464	1236.97564	1237.03701	
6.534076	1330.91899	1330.96191	1237.06391	1237.12428	
6.544221	1331.0069	1331.04917	1237.15182	1237.22027	
6.554335	1331.09394	1331.14517	1237.23886	1237.30754	
6.564524	1331.18103	1331.23243	1237.32595	1237.39481	
6.574638	1331.26683	1331.3197	1237.41175	1237.48207	
6.584865	1331.35299	1331.40697	1237.49791	1237.56934	
6.594905	1331.43698	1331.49423	1237.5819	1237.65661	
6.604999	1331.5208	1331.5815	1237.66572	1237.73515	
6.615257	1331.60542	1331.66004	1237.75034	1237.81369	
6.625356	1331.68802	1331.74731	1237.83294	1237.89223	
6.635475	1331.77023	1331.82585	1237.91515	1237.97949	
6.645608	1331.85193	1331.91311	1237.99684	1238.06676	
6.655722	1331.9329	1331.99165	1238.07782	1238.13657	
6.665897	1332.01371	1332.07019	1238.15863	1238.21511	
6.676014	1332.09346	1332.15746	1238.23838	1238.29365	
6.686137	1332.17266	1332.22727	1238.31758	1238.37219	
6.696288	1332.25148	1332.30581	1238.3964	1238.45073	
6.70641	1332.32946	1332.38435	1238.47438	1238.52054	
6.716992	1332.41032	1332.46289	1238.55524	1238.59036	
6.726755	1332.48432	1332.5327	1238.62924	1238.66017	
6.736935	1332.56089	1332.61124	1238.70581	1238.73871	
6.747189	1332.63742	1332.68106	1238.78234	1238.81725	
6.757122	1332.71094	1332.7596	1238.85586	1238.88706	
6.767357	1332.78609	1332.82941	1238.931	1238.9656	
6.777424	1332.8594	1332.89922	1239.00432	1239.03542	
6.787564	1332.93263	1332.96904	1239.07754	1239.10523	
6.797681	1333.0051	1333.04758	1239.15002	1239.17504	
6.807778	1333.07681	1333.11739	1239.22173	1239.24486	
6.818243	1333.15054	1333.1872	1239.29546	1239.31467	
6.828145	1333.21962	1333.25702	1239.36454	1239.38448	
6.838287	1333.28983	1333.32683	1239.43475	1239.45429	
6.848383	1333.3591	1333.39664	1239.50402	1239.52411	
6.858474	1333.42778	1333.46646	1239.5727	1239.58519	
6.870427	1333.50824	1333.53627	1239.65316	1239.65501	
6.878768	1333.56395	1333.60608	1239.70887	1239.73355	
6.888911	1333.63112	1333.67589	1239.77604	1239.79463	
6.899084	1333.69786	1333.74571	1239.84278	1239.86445	
6.909519	1333.76571	1333.80679	1239.91063	1239.93426	
6.919385	1333.82928	1333.87661	1239.9742	1240.00407	
6.929509	1333.89388	1333.93769	1240.0388	1240.07389	
6.939603	1333.95769	1334.00751	1240.10261	1240.1437	
6.949707	1334.02097	1334.06859	1240.16589	1240.20479	
6.959848	1334.08389	1334.12968	1240.22881	1240.26587	
6.969984	1334.14615	1334.19949	1240.29107	1240.33569	
6.980088	1334.2076	1334.26058	1240.35252	1240.39677	
6.990251	1334.26883	1334.32167	1240.41375	1240.45786	
7.000409	1334.3294	1334.38275	1240.47432	1240.51895	
7.010947	1334.3916	1334.44384	1240.53652	1240.58003	
7.02074	1334.44884	1334.50493	1240.59376	1240.63239	
7.03082	1334.50714	1334.56601	1240.65206	1240.68475	
7.040975	1334.56526	1334.61837	1240.71018	1240.73711	
7.051008	1334.6221	1334.67073	1240.76702	1240.7982	
7.061263	1334.67957	1334.73182	1240.82449	1240.85056	
7.0713	1334.73523	1334.79291	1240.88015	1240.91164	
7.081396	1334.7906	1334.84527	1240.93552	1240.964	
7.091556	1334.84575	1334.89763	1240.99067	1241.01636	
7.101641	1334.89987	1334.94998	1241.04479	1241.06	
7.120758	1334.99983	1335.0547	1241.14475	1241.15599	
7.125463	1335.02452	1335.07216	1241.16944	1241.17344	
7.13536	1335.07563	1335.12452	1241.22055	1241.2258	
7.145449	1335.12718	1335.17688	1241.2721	1241.27816	
7.155685	1335.17885	1335.22924	1241.32377	1241.33052	
7.165741	1335.22902	1335.2816	1241.37394	1241.37416	
7.175872	1335.27897	1335.32523	1241.42389	1241.41779	
7.18599	1335.32824	1335.36886	1241.47316	1241.47015	
7.196108	1335.37693	1335.4125	1241.52185	1241.51378	
7.206213	1335.42508	1335.45613	1241.57	1241.55742	
7.21638	1335.47265	1335.49976	1241.61757	1241.60978	
7.226569	1335.51988	1335.5434	1241.6648	1241.65341	
7.23666	1335.56599	1335.5783	1241.71091	1241.69704	
7.246788	1335.61174	1335.62194	1241.75665	1241.74068	
7.256955	1335.657	1335.66557	1241.80192	1241.78431	
7.26708	1335.7015	1335.70048	1241.84642	1241.82794	
7.277192	1335.74534	1335.74411	1241.89026	1241.87158	
7.287327	1335.78868	1335.78774	1241.9336	1241.91521	
7.29747	1335.83146	1335.82265	1241.97638	1241.95884	
7.307558	1335.8734	1335.86628	1242.01832	1242.00248	
7.317738	1335.91512	1335.90992	1242.06004	1242.04611	
7.328251	1335.95757	1335.96228	1242.10249	1242.08974	
7.338048	1335.99654	1335.99718	1242.14146	1242.13338	
7.348157	1336.03618	1336.04082	1242.1811	1242.17701	
7.358308	1336.07538	1336.08445	1242.2203	1242.22064	
7.368388	1336.11372	1336.12808	1242.25864	1242.26428	
7.388348	1336.18675	1336.17172	1242.33167	1242.34281	
7.39278	1336.20301	1336.22408	1242.34793	1242.36027	
7.402843	1336.23926	1336.26771	1242.38418	1242.39517	
7.41297	1336.27513	1336.30262	1242.42005	1242.43881	
7.423767	1336.31271	1336.3288	1242.45763	1242.48244	
7.43332	1336.34543	1336.3637	1242.49035	1242.51735	
7.44341	1336.37938	1336.39861	1242.5243	1242.55225	
7.453549	1336.41292	1336.42479	1242.55784	1242.58716	
7.463668	1336.44579	1336.45969	1242.59071	1242.62207	
7.47384	1336.47823	1336.4946	1242.62315	1242.65697	
7.483951	1336.50989	1336.52078	1242.65481	1242.69188	
7.49409	1336.54104	1336.55569	1242.68595	1242.72679	
7.504238	1336.57162	1336.59059	1242.71654	1242.76169	
7.514406	1336.60166	1336.6255	1242.74658	1242.78787	
7.525023	1336.63239	1336.66041	1242.77731	1242.81405	
7.542873	1336.68179	1336.72149	1242.82671	1242.87514	
7.547271	1336.69401	1336.73022	1242.83893	1242.88387	
7.557349	1336.7213	1336.76513	1242.86622	1242.91877	
7.567518	1336.74823	1336.79131	1242.89315	1242.94495	
7.577661	1336.77451	1336.82621	1242.91943	1242.97113	
7.587782	1336.80013	1336.85239	1242.94505	1243.00604	
7.597929	1336.82524	1336.87857	1242.97016	1243.02349	
7.608048	1336.8497	1336.90475	1242.99461	1243.0584	
7.618271	1336.87398	1336.93093	1243.0189	1243.07585	
7.628379	1336.89706	1336.95711	1243.04198	1243.10203	
7.638528	1336.91981	1336.98329	1243.06473	1243.12821	
7.648628	1336.94188	1337.00947	1243.0868	1243.14567	
7.658755	1336.96342	1337.02693	1243.10834	1243.17185	
7.668841	1336.9843	1337.04438	1243.12922	1243.1893	
7.679062	1337.00486	1337.07056	1243.14978	1243.21548	
7.689172	1337.02462	1337.08801	1243.16954	1243.23293	
7.699265	1337.04377	1337.10547	1243.18869	1243.25039	
7.709378	1337.06238	1337.12292	1243.2073	1243.26784	
7.719721	1337.08082	1337.14037	1243.22574	1243.28529	
7.729699	1337.09805	1337.15783	1243.24297	1243.30275	
7.73984	1337.11498	1337.16655	1243.2599	1243.3202	
7.750054	1337.13144	1337.18401	1243.27636	1243.32893	
7.760049	1337.147	1337.20146	1243.29192	1243.33765	
7.770222	1337.16226	1337.21019	1243.30718	1243.35511	
7.780376	1337.17691	1337.21891	1243.32183	1243.36383	
7.790504	1337.19096	1337.23637	1243.33588	1243.37256	
7.800569	1337.20437	1337.24509	1243.34929	1243.39001	
7.8107	1337.2173	1337.25382	1243.36222	1243.39001	
7.821146	1337.23003	1337.26255	1243.37495	1243.39874	
7.830996	1337.24151	1337.27127	1243.38643	1243.40747	
7.841203	1337.25284	1337.28	1243.39776	1243.41619	
7.851272	1337.26347	1337.28873	1243.40839	1243.42492	
7.86135	1337.27356	1337.28873	1243.41848	1243.42492	
7.871572	1337.28324	1337.29745	1243.42816	1243.43365	
7.881607	1337.29221	1337.29745	1243.43712	1243.43365	
7.891823	1337.30078	1337.30618	1243.4457	1243.44237	
7.901933	1337.30874	1337.30618	1243.45366	1243.44237	
7.911997	1337.31613	1337.31491	1243.46105	1243.4511	
7.922454	1337.32324	1337.32363	1243.46816	1243.45983	
7.932555	1337.32961	1337.32363	1243.47453	1243.45983	
7.942696	1337.33548	1337.32363	1243.4804	1243.46855	
7.952915	1337.34088	1337.32363	1243.4858	1243.46855	
7.962924	1337.34569	1337.33236	1243.49061	1243.47728	
7.973092	1337.35008	1337.34109	1243.495	1243.47728	
7.98323	1337.35399	1337.34109	1243.49891	1243.48601	
7.993337	1337.35742	1337.34109	1243.50234	1243.48601	
8.003539	1337.36043	1337.34981	1243.50535	1243.49473	
8.013612	1337.36298	1337.35854	1243.5079	1243.49473	
8.023831	1337.36516	1337.35854	1243.51008	1243.49473	
8.033984	1337.36694	1337.35854	1243.51186	1243.49473	
8.04413	1337.37231	1337.35854	1243.51723	1243.49473	
8.054221	1337.37231	1337.36727	1243.51723	1243.49473	
8.064373	1337.37231	1337.36727	1243.51723	1243.49473	
8.074492	1337.37231	1337.36727	1243.51723	1243.50346	
8.084635	1337.37231	1337.35854	1243.51723	1243.50346	
8.104796	1337.37231	1337.35854	1243.51723	1243.50346	
8.109172	1337.37231	1337.35854	1243.51723	1243.50346	
8.119328	1337.37231	1337.35854	1243.51723	1243.50346	
8.13135	1337.37231	1337.35854	1243.51723	1243.50346	
8.139613	1337.37231	1337.35854	1243.51723	1243.50346	
8.149724	1337.37231	1337.35854	1243.51723	1243.50346	
8.159867	1337.37231	1337.35854	1243.51723	1243.50346	
8.169954	1337.37231	1337.35854	1243.51723	1243.50346	
8.180103	1337.37231	1337.35854	1243.51723	1243.50346	
8.190228	1337.37231	1337.35854	1243.51723	1243.50346	
8.200438	1337.37231	1337.35854	1243.51723	1243.50346	
8.210525	1337.37231	1337.35854	1243.51723	1243.50346	
8.22061	1337.37231	1337.35854	1243.51723	1243.50346	
8.230977	1337.37231	1337.35854	1243.51723	1243.50346	
8.24092	1337.37231	1337.35854	1243.51723	1243.50346	
8.251024	1337.37231	1337.35854	1243.51723	1243.50346	
8.261135	1337.37231	1337.35854	1243.51723	1243.50346	
8.271262	1337.37231	1337.35854	1243.51723	1243.50346	
8.281399	1337.37231	1337.35854	1243.51723	1243.50346	
8.291512	1337.37231	1337.35854	1243.51723	1243.50346	
8.301603	1337.37231	1337.35854	1243.51723	1243.50346	
8.311855	1337.37231	1337.35854	1243.51723	1243.50346	
8.321955	1337.37231	1337.35854	1243.51723	1243.50346	
8.332032	1337.37231	1337.35854	1243.51723	1243.50346	
8.342183	1337.37231	1337.35854	1243.51723	1243.50346	
8.35231	1337.37231	1337.35854	1243.51723	1243.50346	
8.362528	1337.37231	1337.35854	1243.51723	1243.50346	
8.372626	1337.37231	1337.35854	1243.51723	1243.50346	
8.392347	1337.37231	1337.35854	1243.51723	1243.50346	
8.396701	1337.37231	1337.35854	1243.51723	1243.50346	
8.406844	1337.37231	1337.35854	1243.51723	1243.50346	
8.417017	1337.37231	1337.35854	1243.51723	1243.50346	
8.427123	1337.37231	1337.35854	1243.51723	1243.50346	
8.437242	1337.37231	1337.35854	1243.51723	1243.50346	
8.447346	1337.37231	1337.35854	1243.51723	1243.50346	
8.457688	1337.37231	1337.35854	1243.51723	1243.50346	
8.467648	1337.37231	1337.35854	1243.51723	1243.50346	
8.477765	1337.37231	1337.35854	1243.51723	1243.50346	
8.487916	1337.37231	1337.35854	1243.51723	1243.50346	
8.498049	1337.37231	1337.35854	1243.51723	1243.50346	
8.508167	1337.37231	1337.35854	1243.51723	1243.50346	
8.518301	1337.37231	1337.35854	1243.51723	1243.50346	
8.528429	1337.37231	1337.35854	1243.51723	1243.50346	
8.538586	1337.37231	1337.35854	1243.51723	1243.50346	
8.548713	1337.37231	1337.35854	1243.51723	1243.50346	
8.558798	1337.37231	1337.35854	1243.51723	1243.50346	
8.569065	1337.37231	1337.35854	1243.51723	1243.50346	
8.579501	1337.37231	1337.35854	1243.51723	1243.50346	
8.597581	1337.37231	1337.35854	1243.51723	1243.50346	
8.602032	1337.37231	1337.35854	1243.51723	1243.50346	
8.612163	1337.37231	1337.35854	1243.51723	1243.50346	
8.622298	1337.37231	1337.35854	1243.51723	1243.50346	
8.632458	1337.37231	1337.35854	1243.51723	1243.50346	
8.642607	1337.37231	1337.35854	1243.51723	1243.50346	
8.652736	1337.37231	1337.35854	1243.51723	1243.50346	
8.662886	1337.37231	1337.35854	1243.51723	1243.50346	
8.673098	1337.37231	1337.35854	1243.51723	1243.50346	
8.683152	1337.37231	1337.35854	1243.51723	1243.50346	
8.693279	1337.37231	1337.35854	1243.51723	1243.50346	
8.703418	1337.37231	1337.35854	1243.51723	1243.50346	
8.713554	1337.37231	1337.35854	1243.51723	1243.50346	
8.723687	1337.37231	1337.35854	1243.51723	1243.50346	
8.733829	1337.37231	1337.35854	1243.51723	1243.50346	
8.743963	1337.37231	1337.35854	1243.51723	1243.50346	
8.754132	1337.37231	1337.35854	1243.51723	1243.50346	
8.764257	1337.37231	1337.35854	1243.51723	1243.50346	
8.774417	1337.37231	1337.35854	1243.51723	1243.50346	
8.784528	1337.37231	1337.35854	1243.51723	1243.50346	
8.794652	1337.37231	1337.35854	1243.51723	1243.50346	
8.80476	1337.37231	1337.35854	1243.51723	1243.50346	
8.81491	1337.37231	1337.35854	1243.51723	1243.50346	
8.825127	1337.37231	1337.35854	1243.51723	1243.50346	
8.835173	1337.37231	1337.35854	1243.51723	1243.50346	
8.845308	1337.37231	1337.35854	1243.51723	1243.50346	
8.855448	1337.37231	1337.35854	1243.51723	1243.50346	
8.865586	1337.37231	1337.35854	1243.51723	1243.50346	
8.875749	1337.37231	1337.35854	1243.51723	1243.50346	
8.885827	1337.37231	1337.35854	1243.51723	1243.50346	
8.896007	1337.37231	1337.35854	1243.51723	1243.50346	
8.906136	1337.37231	1337.35854	1243.51723	1243.50346	
8.916263	1337.37231	1337.35854	1243.51723	1243.50346	
8.926429	1337.37231	1337.35854	1243.51723	1243.50346	
8.936548	1337.37231	1337.35854	1243.51723	1243.50346	
8.946639	1337.37231	1337.35854	1243.51723	1243.50346	
8.956815	1337.37231	1337.35854	1243.51723	1243.50346	
8.966945	1337.37231	1337.35854	1243.51723	1243.50346	
8.977147	1337.37231	1337.35854	1243.51723	1243.50346	
8.98721	1337.37231	1337.35854	1243.51723	1243.50346	
8.997341	1337.37231	1337.35854	1243.51723	1243.50346	
9.007505	1337.37231	1337.35854	1243.51723	1243.50346	
9.017616	1337.37231	1337.35854	1243.51723	1243.50346	
9.02775	1337.37231	1337.35854	1243.51723	1243.50346	
9.037893	1337.37231	1337.35854	1243.51723	1243.50346	
9.048016	1337.37231	1337.35854	1243.51723	1243.50346	
9.058093	1337.37231	1337.35854	1243.51723	1243.50346	
9.068285	1337.37231	1337.35854	1243.51723	1243.50346	
9.078466	1337.37231	1337.35854	1243.51723	1243.50346	
9.088519	1337.37231	1337.35854	1243.51723	1243.50346	
9.098697	1337.37231	1337.35854	1243.51723	1243.50346	
9.108832	1337.37231	1337.35854	1243.51723	1243.50346	
9.118908	1337.37231	1337.35854	1243.51723	1243.50346	
9.12917	1337.37231	1337.35854	1243.51723	1243.50346	
9.139251	1337.37231	1337.35854	1243.51723	1243.50346	
9.14933	1337.37231	1337.35854	1243.51723	1243.50346	
9.159433	1337.37231	1337.35854	1243.51723	1243.50346	
9.169741	1337.37231	1337.35854	1243.51723	1243.50346	
9.179755	1337.37231	1337.35854	1243.51723	1243.50346	
9.189846	1337.37231	1337.35854	1243.51723	1243.50346	
9.199982	1337.37231	1337.35854	1243.51723	1243.50346	
9.210098	1337.37231	1337.35854	1243.51723	1243.50346	
9.220223	1337.37231	1337.35854	1243.51723	1243.50346	
9.230464	1337.37231	1337.35854	1243.51723	1243.50346	
9.240554	1337.37231	1337.35854	1243.51723	1243.50346	
9.250724	1337.37231	1337.35854	1243.51723	1243.50346	
9.260785	1337.37231	1337.35854	1243.51723	1243.50346	
9.270908	1337.37231	1337.35854	1243.51723	1243.50346	
9.281136	1337.37231	1337.35854	1243.51723	1243.50346	
9.291185	1337.37231	1337.35854	1243.51723	1243.50346	
9.301278	1337.37231	1337.35854	1243.51723	1243.50346	
9.311392	1337.37231	1337.35854	1243.51723	1243.50346	
9.321577	1337.37231	1337.35854	1243.51723	1243.50346	
9.331702	1337.37231	1337.35854	1243.51723	1243.50346	
9.341899	1337.37231	1337.35854	1243.51723	1243.50346	
9.351976	1337.37231	1337.35854	1243.51723	1243.50346	
9.362064	1337.37231	1337.35854	1243.51723	1243.50346	
9.372425	1337.37231	1337.35854	1243.51723	1243.50346	
9.385041	1337.37231	1337.35854	1243.51723	1243.50346	
9.392636	1337.37231	1337.35854	1243.51723	1243.50346	
9.402767	1337.37231	1337.35854	1243.51723	1243.50346	
9.41287	1337.37231	1337.35854	1243.51723	1243.50346	
9.423054	1337.37231	1337.35854	1243.51723	1243.50346	
9.433225	1337.37231	1337.35854	1243.51723	1243.50346	
9.443317	1337.37231	1337.35854	1243.51723	1243.50346	
9.453461	1337.37231	1337.35854	1243.51723	1243.50346	
9.463627	1337.37231	1337.35854	1243.51723	1243.50346	
9.473747	1337.37231	1337.35854	1243.51723	1243.50346	
9.483892	1337.37231	1337.35854	1243.51723	1243.50346	
9.494004	1337.37231	1337.35854	1243.51723	1243.50346	
9.50416	1337.37231	1337.35854	1243.51723	1243.50346	
9.514285	1337.37231	1337.35854	1243.51723	1243.50346	
9.524422	1337.37231	1337.35854	1243.51723	1243.50346	
9.53456	1337.37231	1337.35854	1243.51723	1243.50346	
9.544702	1337.37231	1337.35854	1243.51723	1243.50346	
9.554786	1337.37231	1337.35854	1243.51723	1243.50346	
9.564951	1337.37231	1337.35854	1243.51723	1243.50346	
9.5751	1337.37231	1337.35854	1243.51723	1243.50346	
9.585442	1337.37231	1337.35854	1243.51723	1243.50346	
9.595368	1337.37231	1337.35854	1243.51723	1243.50346	
9.605488	1337.37231	1337.35854	1243.51723	1243.50346	
9.615692	1337.37231	1337.35854	1243.51723	1243.50346	
9.625767	1337.37231	1337.35854	1243.51723	1243.50346	
9.636259	1337.37231	1337.35854	1243.51723	1243.50346	
9.64605	1337.37231	1337.35854	1243.51723	1243.50346	
9.656174	1337.37231	1337.35854	1243.51723	1243.50346	
9.666308	1337.37231	1337.35854	1243.51723	1243.50346	
9.676462	1337.37231	1337.35854	1243.51723	1243.50346	
9.686677	1337.37231	1337.35854	1243.51723	1243.50346	
9.696741	1337.37231	1337.35854	1243.51723	1243.50346	
9.706849	1337.37231	1337.35854	1243.51723	1243.50346	
9.716983	1337.37231	1337.35854	1243.51723	1243.50346	
9.727102	1337.37231	1337.35854	1243.51723	1243.50346	
9.737285	1337.37231	1337.35854	1243.51723	1243.50346	
9.747372	1337.37231	1337.35854	1243.51723	1243.50346	
9.757538	1337.37231	1337.35854	1243.51723	1243.50346	
9.76768	1337.37231	1337.35854	1243.51723	1243.50346	
9.777785	1337.37231	1337.35854	1243.51723	1243.50346	
9.787954	1337.37231	1337.35854	1243.51723	1243.50346	
9.798068	1337.37231	1337.35854	1243.51723	1243.50346	
9.808145	1337.37231	1337.35854	1243.51723	1243.50346	
9.818322	1337.37231	1337.35854	1243.51723	1243.50346	
9.828441	1337.37231	1337.35854	1243.51723	1243.50346	
9.838581	1337.37231	1337.35854	1243.51723	1243.50346	
9.8487	1337.37231	1337.35854	1243.51723	1243.50346	
9.858834	1337.37231	1337.35854	1243.51723	1243.50346	
9.868916	1337.37231	1337.35854	1243.51723	1243.50346	
9.879087	1337.37231	1337.35854	1243.51723	1243.50346	
9.889266	1337.37231	1337.35854	1243.51723	1243.50346	
9.899369	1337.37231	1337.35854	1243.51723	1243.50346	
9.909477	1337.37231	1337.35854	1243.51723	1243.50346	
9.919629	1337.37231	1337.35854	1243.51723	1243.50346	
9.929723	1337.37231	1337.35854	1243.51723	1243.50346	
9.939854	1337.37231	1337.35854	1243.51723	1243.50346	
9.949993	1337.37231	1337.35854	1243.51723	1243.50346	
9.960117	1337.37231	1337.35854	1243.51723	1243.50346	
9.970238	1337.37231	1337.35854	1243.51723	1243.50346	
9.980413	1337.37231	1337.35854	1243.51723	1243.50346	
9.990931	1337.37231	1337.35854	1243.51723	1243.50346	
10.00082	1337.37231	1337.35854	1243.51723	1243.50346	
10.01091	1337.37231	1337.35854	1243.51723	1243.50346	
10.02104	1337.37231	1337.35854	1243.51723	1243.50346	
10.03117	1337.37231	1337.35854	1243.51723	1243.50346	
10.04134	1337.37231	1337.35854	1243.51723	1243.50346	
10.05139	1337.37231	1337.35854	1243.51723	1243.50346	
10.06154	1337.37231	1337.35854	1243.51723	1243.50346	
10.07173	1337.37231	1337.35854	1243.51723	1243.50346	
10.08183	1337.37231	1337.35854	1243.51723	1243.50346	
10.10215	1337.37231	1337.35854	1243.51723	1243.50346	
10.11438	1337.37231	1337.35854	1243.51723	1243.50346	
10.11872	1337.37231	1337.35854	1243.51723	1243.50346	
10.12889	1337.37231	1337.35854	1243.51723	1243.50346	
10.13906	1337.37231	1337.35854	1243.51723	1243.50346	
10.14915	1337.37231	1337.35854	1243.51723	1243.50346	
10.15927	1337.37231	1337.35854	1243.51723	1243.50346	
10.1694	1337.37231	1337.35854	1243.51723	1243.50346	
10.17951	1337.37231	1337.35854	1243.51723	1243.50346	
10.18964	1337.37231	1337.35854	1243.51723	1243.50346	
10.19994	1337.37231	1337.35854	1243.51723	1243.50346	
10.2099	1337.37231	1337.35854	1243.51723	1243.50346	
10.22001	1337.37231	1337.35854	1243.51723	1243.50346	
10.23014	1337.37231	1337.35854	1243.51723	1243.50346	
10.24026	1337.37231	1337.35854	1243.51723	1243.50346	
10.25847	1337.37231	1337.35854	1243.51723	1243.50346	
10.26285	1337.37231	1337.35854	1243.51723	1243.50346	
10.27305	1337.37231	1337.35854	1243.51723	1243.50346	
10.28312	1337.37231	1337.35854	1243.51723	1243.50346	
10.29327	1337.37231	1337.35854	1243.51723	1243.50346	
10.31154	1337.37231	1337.35854	1243.51723	1243.50346	
10.31593	1337.37231	1337.35854	1243.51723	1243.50346	
10.32606	1337.37231	1337.35854	1243.51723	1243.50346	
10.33619	1337.37231	1337.35854	1243.51723	1243.50346	
10.3463	1337.37231	1337.35854	1243.51723	1243.50346	
10.35647	1337.37231	1337.35854	1243.51723	1243.50346	
10.36662	1337.37231	1337.35854	1243.51723	1243.50346	
10.37673	1337.37231	1337.35854	1243.51723	1243.50346	
10.3967	1337.37231	1337.35854	1243.51723	1243.50346	
10.4013	1337.37231	1337.35854	1243.51723	1243.50346	
10.41122	1337.37231	1337.35854	1243.51723	1243.50346	
10.42136	1337.37231	1337.35854	1243.51723	1243.50346	
10.43149	1337.37231	1337.35854	1243.51723	1243.50346	
10.44163	1337.37231	1337.35854	1243.51723	1243.50346	
10.45176	1337.37231	1337.35854	1243.51723	1243.50346	
10.46972	1337.37231	1337.35854	1243.51723	1243.50346	
10.47409	1337.37231	1337.35854	1243.51723	1243.50346	
10.48421	1337.37231	1337.35854	1243.51723	1243.50346	
10.49435	1337.37231	1337.35854	1243.51723	1243.50346	
10.5045	1337.37231	1337.35854	1243.51723	1243.50346	
10.51471	1337.37231	1337.35854	1243.51723	1243.50346	
10.52479	1337.37231	1337.35854	1243.51723	1243.50346	
10.53494	1337.37231	1337.35854	1243.51723	1243.50346	
10.54514	1337.37231	1337.35854	1243.51723	1243.50346	
10.55517	1337.37231	1337.35854	1243.51723	1243.50346	
10.56534	1337.37231	1337.35854	1243.51723	1243.50346	
10.57547	1337.37231	1337.35854	1243.51723	1243.50346	
10.58562	1337.37231	1337.35854	1243.51723	1243.50346	
10.59574	1337.37231	1337.35854	1243.51723	1243.50346	
10.60588	1337.37231	1337.35854	1243.51723	1243.50346	
10.61608	1337.37231	1337.35854	1243.51723	1243.50346	
10.62617	1337.37231	1337.35854	1243.51723	1243.50346	
10.6363	1337.37231	1337.35854	1243.51723	1243.50346	
10.64642	1337.37231	1337.35854	1243.51723	1243.50346	
10.65656	1337.37231	1337.35854	1243.51723	1243.50346	
10.66677	1337.37231	1337.35854	1243.51723	1243.50346	
10.67686	1337.37231	1337.35854	1243.51723	1243.50346	
10.68699	1337.37231	1337.35854	1243.51723	1243.50346	
10.6972	1337.37231	1337.35854	1243.51723	1243.50346	
10.70726	1337.37231	1337.35854	1243.51723	1243.50346	
10.71742	1337.37231	1337.35854	1243.51723	1243.50346	
10.72755	1337.37231	1337.35854	1243.51723	1243.50346	
10.73769	1337.37231	1337.35854	1243.51723	1243.50346	
10.74776	1337.37231	1337.35854	1243.51723	1243.50346	
10.75798	1337.37231	1337.35854	1243.51723	1243.50346	
10.76812	1337.37231	1337.35854	1243.51723	1243.50346	
10.77821	1337.37231	1337.35854	1243.51723	1243.50346	
10.78834	1337.37231	1337.35854	1243.51723	1243.50346	
10.79847	1337.37231	1337.35854	1243.51723	1243.50346	
10.80857	1337.37231	1337.35854	1243.51723	1243.50346	
10.8188	1337.37231	1337.35854	1243.51723	1243.50346	
10.82888	1337.37231	1337.35854	1243.51723	1243.50346	
10.83905	1337.37231	1337.35854	1243.51723	1243.50346	
10.84924	1337.37231	1337.35854	1243.51723	1243.50346	
10.85928	1337.37231	1337.35854	1243.51723	1243.50346	
10.86937	1337.37231	1337.35854	1243.51723	1243.50346	
10.8795	1337.37231	1337.35854	1243.51723	1243.50346	
10.8896	1337.37231	1337.35854	1243.51723	1243.50346	
10.89976	1337.37231	1337.35854	1243.51723	1243.50346	
10.90988	1337.37231	1337.35854	1243.51723	1243.50346	
10.92008	1337.37231	1337.35854	1243.51723	1243.50346	
10.93015	1337.37231	1337.35854	1243.51723	1243.50346	
10.94028	1337.37231	1337.35854	1243.51723	1243.50346	
10.95047	1337.37231	1337.35854	1243.51723	1243.50346	
10.96056	1337.37231	1337.35854	1243.51723	1243.50346	
10.97074	1337.37231	1337.35854	1243.51723	1243.50346	
10.98084	1337.37231	1337.35854	1243.51723	1243.50346	
10.99097	1337.37231	1337.35854	1243.51723	1243.50346	
11.00114	1337.37231	1337.35854	1243.51723	1243.50346	
11.01122	1337.37231	1337.35854	1243.51723	1243.50346	
11.02138	1337.37231	1337.35854	1243.51723	1243.50346	
11.03149	1337.37231	1337.35854	1243.51723	1243.50346	
11.04163	1337.37231	1337.35854	1243.51723	1243.50346	
11.05171	1337.37231	1337.35854	1243.51723	1243.50346	
11.06975	1337.37231	1337.35854	1243.51723	1243.50346	
11.09876	1337.37231	1337.35854	1243.51723	1243.50346	
