10.85316	654.491357	654.489743	560.618823	560.617209	
10.86084	654.492504	654.489743	560.61997	560.617209	
10.87023	654.494482	654.498469	560.621948	560.617209	
10.88031	654.497239	654.498469	560.624706	560.617209	
10.89045	654.50063	654.498469	560.628096	560.625936	
10.90853	654.509071	654.498469	560.636537	560.625936	
10.91288	654.511035	654.498469	560.638501	560.625936	
10.92302	654.516409	654.498469	560.643875	560.625936	
10.93487	654.523591	654.498469	560.651057	560.625936	
10.94328	654.529024	654.498469	560.65649	560.625936	
10.95446	654.537096	654.498469	560.664562	560.625936	
10.96356	654.544102	654.498469	560.671568	560.625936	
10.97371	654.552561	654.498469	560.680028	560.625936	
10.98382	654.561604	654.498469	560.689071	560.625936	
10.99392	654.571257	654.498469	560.698724	560.625936	
11.00411	654.581614	654.498469	560.70908	560.625936	
11.01426	654.592551	654.498469	560.720018	560.634662	
11.02436	654.604037	654.498469	560.731503	560.634662	
11.03451	654.616201	654.498469	560.743667	560.634662	
11.04468	654.629019	654.498469	560.756486	560.643389	
11.0558	654.643819	654.498469	560.771285	560.652116	
11.07312	654.668959	654.507196	560.796425	560.687022	
11.07752	654.675282	654.515923	560.802748	560.687022	
11.08763	654.690632	654.533376	560.818098	560.704475	
11.09772	654.706545	654.542103	560.834011	560.730655	
11.10792	654.723279	654.568283	560.850746	560.756835	
11.11812	654.740623	654.585736	560.868089	560.774289	
11.12818	654.758338	654.611916	560.885804	560.800469	
11.1383	654.776766	654.638096	560.904232	560.826649	
11.14971	654.798376	654.664276	560.925842	560.861555	
11.15985	654.818168	654.699182	560.945634	560.887735	
11.16994	654.838453	654.734089	560.96592	560.913915	
11.18006	654.859414	654.768996	560.98688	560.948822	
11.19025	654.881146	654.803902	561.008613	560.983728	
11.20039	654.903396	654.838809	561.030863	561.009908	
11.21056	654.926336	654.882442	561.053802	561.044815	
11.22087	654.950237	654.917349	561.077703	561.070995	
11.23077	654.973741	654.952255	561.101207	561.105901	
11.24086	654.998337	654.987162	561.125804	561.140808	
11.25138	655.02465	655.022068	561.152116	561.166988	
11.26121	655.049817	655.056975	561.177283	561.193168	
11.2715	655.076792	655.091881	561.204258	561.219348	
11.28143	655.103385	655.126788	561.230851	561.245528	
11.29154	655.131079	655.152968	561.258545	561.271708	
11.30171	655.159587	655.179148	561.287053	561.297887	
11.3118	655.188472	655.214054	561.315938	561.315341	
11.32194	655.218115	655.231508	561.345581	561.341521	
11.3399	655.272976	655.283868	561.400442	561.385154	
11.34423	655.286129	655.301321	561.413595	561.402607	
11.35437	655.317741	655.318774	561.445208	561.42006	
11.36464	655.350416	655.344954	561.477882	561.454967	
11.37473	655.383107	655.371134	561.510574	561.47242	
11.38484	655.416491	655.406041	561.543957	561.507327	
11.39494	655.450413	655.423494	561.577879	561.533507	
11.40515	655.48536	655.458401	561.612826	561.559687	
11.41525	655.520525	655.484581	561.647991	561.585867	
11.42537	655.556414	655.519487	561.683881	561.620773	
11.43553	655.593019	655.545667	561.720485	561.646953	
11.44562	655.630017	655.5893	561.757483	561.68186	
11.45581	655.667996	655.624207	561.795462	561.725493	
11.46601	655.706626	655.659113	561.834092	561.769126	
11.47616	655.745698	655.702747	561.873164	561.804033	
11.48632	655.785417	655.74638	561.912883	561.847666	
11.49641	655.825463	655.790013	561.952929	561.891299	
11.50651	655.866168	655.82492	561.993634	561.934933	
11.51677	655.908189	655.87728	562.035655	561.978566	
11.52682	655.949925	655.920913	562.077391	562.030926	
11.53695	655.992568	655.964546	562.120034	562.074559	
11.54708	656.035883	656.008179	562.163349	562.118192	
11.55718	656.079654	656.051813	562.20712	562.170552	
11.56745	656.124827	656.104172	562.252294	562.214185	
11.57752	656.169701	656.147806	562.297168	562.266545	
11.58767	656.215538	656.200166	562.343005	562.310178	
11.59784	656.262143	656.243799	562.389609	562.362538	
11.60788	656.308702	656.296159	562.436168	562.414898	
11.61812	656.356991	656.348519	562.484457	562.467258	
11.62821	656.404884	656.400878	562.53235	562.510891	
11.63838	656.453901	656.453238	562.581367	562.563251	
11.64851	656.503358	656.505598	562.630824	562.615611	
11.65862	656.553401	656.557958	562.680867	562.659244	
11.66927	656.606746	656.610318	562.734212	562.720331	
11.67894	656.655669	656.671404	562.783135	562.763964	
11.68905	656.707477	656.723764	562.834943	562.825051	
11.69916	656.759945	656.784851	562.887411	562.868684	
11.70969	656.815223	656.837211	562.942689	562.921044	
11.71944	656.866941	656.889571	562.994407	562.973404	
11.72955	656.921248	656.950657	563.048714	563.03449	
11.73968	656.976252	657.011744	563.103718	563.08685	
11.7498	657.031799	657.064103	563.159265	563.147936	
11.75994	657.088135	657.116463	563.215601	563.200296	
11.77013	657.145557	657.17755	563.273023	563.261383	
11.78024	657.202661	657.22991	563.330127	563.313743	
11.79038	657.260815	657.290996	563.388282	563.374829	
11.80056	657.319811	657.343356	563.447277	563.427189	
11.8189	657.428575	657.395716	563.556041	563.540636	
11.82328	657.454414	657.474256	563.58188	563.566815	
11.83342	657.515187	657.535342	563.642653	563.627902	
11.84357	657.576657	657.587702	563.704124	563.688989	
11.85372	657.638685	657.648789	563.766151	563.750075	
11.86453	657.705582	657.709875	563.833048	563.811162	
11.87403	657.764742	657.770962	563.892208	563.872248	
11.8842	657.828815	657.832048	563.956281	563.942061	
11.89436	657.89338	657.893135	564.020846	564.003148	
11.90441	657.957887	657.954221	564.085353	564.072961	
11.9146	658.02388	658.024035	564.151346	564.142774	
11.92481	658.090688	658.085121	564.218154	564.203861	
11.93486	658.157031	658.146208	564.284497	564.273674	
11.94495	658.224237	658.216021	564.351703	564.343487	
11.95509	658.292387	658.285834	564.419853	564.4133	
11.96574	658.364731	658.355647	564.492197	564.483113	
11.9754	658.430825	658.42546	564.558291	564.552926	
11.99539	658.570635	658.565087	564.698101	564.701279	
11.99974	658.600925	658.599993	564.728391	564.727459	
12.00994	658.672887	658.669806	564.800353	564.805999	
12.02005	658.74476	658.73962	564.872226	564.875812	
12.03025	658.817943	658.809433	564.94541	564.945626	
12.04032	658.890719	658.887973	565.018185	565.015439	
12.05042	658.964419	658.957786	565.091885	565.085252	
12.0696	659.107118	659.036326	565.234584	565.224878	
12.07429	659.142185	659.132319	565.269651	565.259785	
12.08424	659.216483	659.210858	565.343949	565.329598	
12.09439	659.293167	659.280672	565.420633	565.408138	
12.10444	659.369683	659.359211	565.497149	565.477951	
12.11462	659.447891	659.437751	565.575358	565.556491	
12.12483	659.526965	659.516291	565.654431	565.626304	
12.13489	659.605426	659.594831	565.732892	565.704844	
12.14502	659.685035	659.673371	565.812501	565.783384	
12.15516	659.765443	659.751911	565.892909	565.861923	
12.16529	659.846307	659.83045	565.973773	565.940463	
12.17545	659.928064	659.90899	566.05553	566.02773	
12.18562	660.010424	659.98753	566.13789	566.10627	
12.19605	660.096973	660.06607	566.224439	566.184809	
12.20584	660.176149	660.153336	566.303615	566.272076	
12.216	660.260386	660.231876	566.387852	566.350616	
12.22614	660.345041	660.319143	566.472507	566.437882	
12.23628	660.430304	660.397682	566.55777	566.525149	
12.24644	660.516355	660.484949	566.643821	566.612415	
12.25653	660.602396	660.572215	566.729862	566.690955	
12.26672	660.689968	660.659482	566.817434	566.778221	
12.27697	660.778792	660.746748	566.906258	566.874214	
12.28704	660.866497	660.842741	566.993963	566.961481	
12.29714	660.955101	660.930008	567.082567	567.048747	
12.30727	661.04455	661.026001	567.172016	567.14474	
12.31739	661.134568	661.113267	567.262035	567.232007	
12.32756	661.225708	661.200534	567.353174	567.328	
12.33769	661.317059	661.296527	567.444525	567.423993	
12.34782	661.40898	661.39252	567.536446	567.51126	
12.35791	661.501174	661.479787	567.62864	567.607253	
12.36828	661.598162	661.57578	567.725628	567.703246	
12.37831	661.689921	661.671773	567.817387	567.799239	
12.38874	661.786817	661.767766	567.914283	567.895232	
12.39855	661.878817	661.863759	568.006283	567.991225	
12.40868	661.974539	661.959752	568.102006	568.087218	
12.4188	662.070706	662.055745	568.198172	568.191938	
12.42901	662.168327	662.160465	568.295793	568.287931	
12.4391	662.265435	662.256458	568.392901	568.383924	
12.44924	662.363731	662.352451	568.491198	568.479917	
12.45937	662.462439	662.448444	568.589905	568.57591	
12.46979	662.564673	662.544437	568.692139	568.68063	
12.47992	662.664798	662.649157	568.792264	568.767897	
12.48979	662.762674	662.74515	568.89014	568.86389	
12.49991	662.863794	662.841143	568.99126	568.96861	
12.51001	662.965265	662.937136	569.092731	569.064603	
12.52016	663.06797	663.041856	569.195437	569.169322	
12.53031	663.171212	663.137849	569.298678	569.265315	
12.54043	663.274814	663.242569	569.40228	569.361309	
12.55062	663.379736	663.347289	569.507203	569.466028	
12.56071	663.484185	663.452009	569.611651	569.570748	
12.57114	663.592934	663.548002	569.7204	569.666741	
12.58126	663.699016	663.652721	569.826482	569.771461	
12.59914	663.888698	663.766168	570.016164	569.954721	
12.60356	663.935437	663.888341	570.062903	570.00708	
12.61364	664.043003	664.001787	570.170469	570.1118	
12.62382	664.152402	664.115234	570.279868	570.21652	
12.63394	664.261553	664.219953	570.389019	570.329966	
12.64408	664.371624	664.3334	570.49909	570.434686	
12.65429	664.483159	664.446846	570.610625	570.548132	
12.66431	664.59314	664.551566	570.720606	570.661579	
12.67566	664.718606	664.665012	570.846072	570.775025	
12.68467	664.818551	664.787185	570.946017	570.897198	
12.69475	664.931056	664.900632	571.058522	571.010645	
12.7049	665.044905	665.022805	571.172372	571.132818	
12.715	665.158895	665.136251	571.286362	571.254991	
12.72523	665.27495	665.258424	571.402416	571.377164	
12.73531	665.389816	665.371871	571.517282	571.499337	
12.74544	665.505938	665.494044	571.633405	571.62151	
12.75562	665.623362	665.616217	571.750828	571.734956	
12.76611	665.744912	665.73839	571.872378	571.865856	
12.77689	665.870588	665.86929	571.998054	571.988029	
12.78604	665.977737	665.991463	572.105203	572.110202	
12.79617	666.096895	666.113636	572.224361	572.232375	
12.80637	666.217491	666.235809	572.344957	572.363275	
12.81641	666.33683	666.357982	572.464296	572.485448	
12.82656	666.458242	666.471428	572.585708	572.607621	
12.83675	666.5806	666.602328	572.708066	572.729794	
12.84683	666.701536	666.715774	572.829002	572.851967	
12.85697	666.82324	666.846674	572.950706	572.97414	
12.86709	666.944668	666.96012	573.072134	573.096313	
12.87845	667.081072	667.082293	573.208538	573.218486	
12.88742	667.188712	667.204466	573.316178	573.340659	
12.89755	667.310224	667.32664	573.43769	573.454106	
12.90768	667.431724	667.448813	573.55919	573.567552	
12.91776	667.552696	667.562259	573.680162	573.689725	
12.92794	667.674916	667.684432	573.802382	573.811898	
12.93811	667.796872	667.797878	573.924338	573.925345	
12.94817	667.91758	667.920051	574.045046	574.047518	
12.9584	668.040424	668.042224	574.16789	574.160964	
12.96855	668.162284	668.155671	574.28975	574.283137	
12.97962	668.295148	668.269117	574.422614	574.396583	
12.98905	668.408176	668.39129	574.535642	574.518757	
12.99908	668.528572	668.513463	574.656038	574.64093	
13.00926	668.650708	668.635636	574.778174	574.754376	
13.0197	668.776	668.757809	574.903466	574.876549	
13.02947	668.893276	668.879983	575.020742	574.998722	
13.0396	669.01474	668.993429	575.142206	575.120895	
13.04971	669.136144	669.115602	575.26361	575.243068	
13.05982	669.25744	669.237775	575.384906	575.365241	
13.07001	669.379804	669.368675	575.50727	575.487414	
13.08094	669.51088	669.490848	575.638346	575.600861	
13.09032	669.623416	669.613021	575.750882	575.73176	
13.10038	669.744172	669.735194	575.871638	575.853933	
13.11062	669.8671	669.857367	575.994566	575.976106	
13.1207	669.987952	669.988267	576.115418	576.098279	
13.13116	670.113568	670.11044	576.241034	576.229179	
13.141	670.231588	670.241339	576.359054	576.351352	
13.15176	670.360828	670.363512	576.488294	576.482252	
13.16113	670.473208	670.485685	576.600674	576.604425	
13.17127	670.594852	670.616585	576.722318	576.726598	
13.18223	670.726408	670.738758	576.853874	576.848771	
13.19177	670.84084	670.869658	576.968306	576.979671	
13.20249	670.969516	670.991831	577.096982	577.11057	
13.21211	671.084896	671.114004	577.212362	577.224017	
13.22225	671.206612	671.236177	577.334078	577.34619	
13.23261	671.330884	671.35835	577.45835	577.47709	
13.24265	671.451448	671.480523	577.578914	577.599263	
13.25283	671.573584	671.602696	577.70105	577.721436	
13.26291	671.694544	671.724869	577.82201	577.843609	
13.27314	671.817316	671.847042	577.944782	577.965782	
13.2836	671.942908	671.969215	578.070374	578.087955	
13.29339	672.06022	672.091388	578.187686	578.210128	
13.30349	672.18142	672.213561	578.308886	578.332301	
13.31364	672.303232	672.335734	578.430698	578.454474	
13.32378	672.42502	672.449181	578.552486	578.576647	
13.33393	672.546712	672.571354	578.674178	578.707547	
13.34404	672.66814	672.693527	578.795606	578.82972	
13.35414	672.789256	672.8157	578.916722	578.951893	
13.36434	672.911716	672.929146	579.039182	579.074066	
13.37448	673.033324	673.060046	579.16079	579.196239	
13.38585	673.169824	673.173492	579.29729	579.318412	
13.39481	673.277392	673.295666	579.404858	579.440585	
13.40499	673.399504	673.417839	579.52697	579.562758	
13.4151	673.520752	673.540012	579.648218	579.676204	
13.42516	673.641484	673.662185	579.76895	579.798378	
13.43535	673.763824	673.784358	579.89129	579.929277	
13.44544	673.88488	673.906531	580.012346	580.05145	
13.45561	674.006896	674.028704	580.134362	580.173623	
13.46573	674.128396	674.14215	580.255862	580.28707	
13.47584	674.249644	674.264323	580.37711	580.409243	
13.48719	674.385928	674.386496	580.513394	580.548869	
13.49615	674.493388	674.499943	580.620854	580.653589	
13.50628	674.614996	674.622116	580.742462	580.775762	
13.51646	674.737132	674.744289	580.864598	580.897935	
13.52656	674.858332	674.857735	580.985798	581.011381	
13.53675	674.980552	674.979908	581.108018	581.133554	
13.54686	675.10192	675.093355	581.229386	581.247001	
13.55707	675.224392	675.215528	581.351858	581.369174	
13.56715	675.345364	675.328974	581.47283	581.48262	
13.57725	675.46654	675.442421	581.594006	581.596067	
13.58857	675.602476	675.564594	581.729942	581.726966	
13.59762	675.71098	675.686767	581.838446	581.831686	
13.6077	675.832012	675.800213	581.959478	581.945132	
13.61787	675.954088	675.922386	582.081554	582.067306	
13.62795	676.074928	676.044559	582.202394	582.180752	
13.63815	676.197364	676.158006	582.32483	582.294198	
13.64826	676.318732	676.280179	582.446198	582.416371	
13.65842	676.44064	676.402352	582.568106	582.538544	
13.66853	676.561972	676.524525	582.689438	582.651991	
13.67862	676.683052	676.646698	582.810518	582.774164	
13.68983	676.817608	676.777597	582.945074	582.91379	
13.69892	676.926604	676.89977	583.05407	583.01851	
13.70911	677.048932	677.03067	583.176398	583.14941	
13.72713	677.26516	677.257563	583.392626	583.367576	
13.73156	677.318344	677.309923	583.44581	583.428662	
13.74163	677.439124	677.432096	583.56659	583.550835	
13.75176	677.560696	677.562996	583.688162	583.681735	
13.76188	677.68216	677.693895	583.809626	583.812635	
13.77205	677.804164	677.816068	583.93163	583.934808	
13.78264	677.93122	677.955695	584.058686	584.074434	
13.7928	678.053236	678.086594	584.180702	584.205334	
13.80293	678.174808	678.208767	584.302274	584.327507	
13.81585	678.32986	678.374574	584.457326	584.493313	
13.82595	678.451048	678.496747	584.578514	584.624213	
13.83609	678.572668	678.61892	584.700134	584.746386	
13.8462	678.69394	678.741093	584.821406	584.868559	
13.85636	678.815956	678.863266	584.943422	584.999459	
13.86655	678.938224	678.985439	585.06569	585.112905	
13.87661	679.058956	679.107612	585.186422	585.235078	
13.88678	679.180996	679.229785	585.308462	585.357251	
13.89698	679.303432	679.351958	585.430898	585.479424	
13.90708	679.424596	679.465404	585.552062	585.592871	
13.91724	679.546516	679.578851	585.673982	585.715044	
13.92737	679.668088	679.701024	585.795554	585.82849	
13.93746	679.789132	679.805744	585.916598	585.941936	
13.94763	679.9111	679.927917	586.038566	586.055383	
13.95772	680.032228	680.041363	586.159694	586.168829	
13.97744	680.268916	680.268256	586.396382	586.395722	
13.9818	680.32114	680.311889	586.448606	586.448082	
13.99345	680.461012	680.434062	586.588478	586.587708	
14.00225	680.566624	680.547509	586.69409	586.692428	
14.01225	680.686648	680.660955	586.814114	586.797148	
14.0225	680.80966	680.783128	586.937126	586.919321	
14.03252	680.92978	680.905301	587.057246	587.041494	
14.04269	681.051868	681.027474	587.179334	587.15494	
14.05286	681.173896	681.149647	587.301362	587.277113	
14.06295	681.294976	681.27182	587.422442	587.399286	
14.0731	681.416716	681.393993	587.544182	587.512733	
14.0832	681.537928	681.516166	587.665394	587.634906	
14.09448	681.673408	681.638339	587.800874	587.765806	
14.10354	681.782056	681.760512	587.909522	587.879252	
14.11365	681.903352	681.882685	588.030818	588.001425	
14.1238	682.025188	682.004859	588.152654	588.123598	
14.13393	682.146736	682.127032	588.274202	588.245771	
14.14408	682.26856	682.249205	588.396026	588.367944	
14.15469	682.395832	682.380104	588.523298	588.490117	
14.16478	682.516912	682.502277	588.644378	588.61229	
14.17489	682.638208	682.62445	588.765674	588.734463	
14.18501	682.759672	682.746623	588.887138	588.856636	
14.19596	682.891168	682.868796	589.018634	588.978809	
14.21428	683.111008	683.095689	589.238474	589.205702	
14.21867	683.163652	683.148049	589.291118	589.258062	
14.22883	683.285584	683.270222	589.41305	589.371508	
14.2389	683.406436	683.392395	589.533902	589.493682	
14.24906	683.52826	683.505842	589.655726	589.615855	
14.25922	683.650264	683.628015	589.77773	589.738028	
14.26935	683.771728	683.750188	589.899194	589.860201	
14.27946	683.893144	683.872361	590.02061	589.9911	
14.2899	684.01846	683.994534	590.145926	590.113273	
14.29981	684.137356	684.116707	590.264822	590.235446	
14.30992	684.258604	684.23888	590.38607	590.357619	
14.32001	684.379756	684.361053	590.507222	590.488519	
14.33015	684.501436	684.483226	590.628902	590.610692	
14.34028	684.623032	684.614126	590.750498	590.741592	
14.35046	684.745072	684.736299	590.872538	590.863765	
14.36067	684.867664	684.867198	590.99513	590.994665	
14.37073	684.988384	684.989372	591.11585	591.116838	
14.3808	685.109212	685.111545	591.236678	591.247737	
14.39118	685.233724	685.242444	591.36119	591.378637	
14.40113	685.353112	685.373344	591.480578	591.50081	
14.41126	685.474732	685.495517	591.602198	591.63171	
14.42141	685.596532	685.626417	591.723998	591.753883	
14.43147	685.717192	685.74859	591.844658	591.876056	
14.44163	685.839196	685.870763	591.966662	592.006956	
14.4518	685.961236	685.992936	592.088702	592.129129	
14.46189	686.082328	686.123836	592.209794	592.242575	
14.47208	686.204548	686.237282	592.332014	592.364748	
14.48212	686.32498	686.359455	592.452446	592.486921	
14.49259	686.450728	686.481628	592.578194	592.609094	
14.5027	686.572024	686.603801	592.69949	592.731267	
14.51285	686.693788	686.717247	592.821254	592.85344	
14.52297	686.815228	686.839421	592.942694	592.975613	
14.53312	686.937088	686.952867	593.064554	593.08906	
14.54327	687.058792	687.066313	593.186258	593.202506	
14.55339	687.180196	687.17976	593.307662	593.324679	
14.56353	687.301972	687.301933	593.429438	593.446852	
14.57367	687.423664	687.415379	593.55113	593.560299	
14.58375	687.5446	687.528826	593.672066	593.673745	
14.59392	687.666688	687.642272	593.794154	593.795918	
14.60415	687.789508	687.764445	593.916974	593.909365	
14.61429	687.911116	687.877891	594.038582	594.022811	
14.6244	688.032352	687.991338	594.159818	594.144984	
14.63451	688.15372	688.113511	594.281186	594.25843	
14.64486	688.277956	688.235684	594.405422	594.371877	
14.65495	688.398916	688.34913	594.526382	594.49405	
14.66508	688.520488	688.471303	594.647954	594.616223	
14.67522	688.642228	688.593476	594.769694	594.738396	
14.68536	688.763932	688.715649	594.891398	594.851842	
14.69546	688.885168	688.846549	595.012634	594.974015	
14.70567	689.0077	688.968722	595.135166	595.096188	
14.71587	689.130064	689.090895	595.25753	595.218361	
14.72597	689.251204	689.221795	595.37867	595.349261	
14.7361	689.372728	689.352695	595.500194	595.471434	
14.74622	689.494192	689.474868	595.621658	595.593607	
14.75641	689.616556	689.597041	595.744022	595.71578	
14.7666	689.738812	689.72794	595.866278	595.84668	
14.77665	689.85934	689.850113	595.986806	595.968853	
14.78683	689.981572	689.981013	596.109038	596.091026	
14.79696	690.103108	690.103186	596.230574	596.221926	
14.80715	690.225376	690.234086	596.352842	596.352825	
14.81862	690.363064	690.373712	596.49053	596.492452	
14.82871	690.484096	690.495885	596.611562	596.623352	
14.83881	690.605368	690.626785	596.732834	596.745525	
14.84892	690.726652	690.748958	596.854118	596.867698	
14.85909	690.84868	690.871131	596.976146	596.998597	
14.86928	690.970996	690.993304	597.098462	597.12077	
14.87936	691.091944	691.115477	597.21941	597.242943	
14.88944	691.212844	691.23765	597.34031	597.365116	
14.89996	691.33912	691.359823	597.466586	597.487289	
14.9098	691.457164	691.481996	597.58463	597.618189	
14.91993	691.578868	691.595443	597.706334	597.731636	
14.93002	691.699852	691.717616	597.827318	597.853809	
14.94013	691.821148	691.839789	597.948614	597.984708	
14.95031	691.943332	691.953235	598.070798	598.098155	
14.96042	692.064568	692.075408	598.192034	598.220328	
14.97065	692.187352	692.197581	598.314818	598.342501	
14.98073	692.308384	692.319754	598.43585	598.464674	
14.9908	692.429236	692.441927	598.556702	598.57812	
15.00131	692.554379	692.5641	598.681845	598.700293	
15.01115	692.670986	692.686274	598.798452	598.822466	
15.02129	692.790432	692.808447	598.917898	598.944639	
15.03136	692.908473	692.921893	599.035939	599.058086	
15.04145	693.026303	693.044066	599.153769	599.180259	
15.05168	693.145056	693.166239	599.272523	599.302432	
15.06176	693.261375	693.288412	599.388841	599.415878	
15.07188	693.377601	693.410585	599.505067	599.538051	
15.08206	693.493986	693.532758	599.621452	599.660224	
15.09215	693.608557	693.654931	599.736024	599.773671	
15.10265	693.727287	693.777104	599.854753	599.895844	
15.11273	693.840586	693.890551	599.968053	600.00929	
15.12289	693.954201	694.012724	600.081667	600.122737	
15.13308	694.067486	694.12617	600.194952	600.236183	
15.14309	694.178254	694.239617	600.30572	600.340903	
15.15398	694.298052	694.353063	600.425518	600.463076	
15.16336	694.400582	694.466509	600.528048	600.559069	
15.1735	694.510934	694.571229	600.6384	600.663789	
15.18363	694.620436	694.675949	600.747902	600.768508	
15.19372	694.729028	694.789395	600.856494	600.873228	
15.20583	694.858438	694.894115	600.985904	600.977948	
15.21411	694.946582	694.998835	601.074049	601.073941	
15.22432	695.054504	695.094828	601.18197	601.178661	
15.23433	695.159844	695.199548	601.287311	601.283381	
15.24442	695.265344	695.304267	601.39281	601.3881	
15.25468	695.371957	695.408987	601.499423	601.49282	
15.26475	695.476018	695.50498	601.603484	601.59754	
15.27491	695.580442	695.6097	601.707908	601.710986	
15.28509	695.684422	695.705693	601.811889	601.815706	
15.29512	695.786266	695.810413	601.913732	601.920426	
15.30531	695.88912	695.906406	602.016587	602.025146	
15.31549	695.991346	696.002399	602.118813	602.129865	
15.32587	696.094841	696.107119	602.222307	602.234585	
15.33577	696.192882	696.211839	602.320348	602.348031	
15.34584	696.292136	696.307832	602.419602	602.452751	
15.3641	696.469689	696.412551	602.597155	602.644737	
15.36853	696.512666	696.543451	602.640132	602.697097	
15.37866	696.610529	696.639444	602.737995	602.801817	
15.38878	696.707628	696.744164	602.835094	602.906537	
15.39886	696.803825	696.840157	602.931292	603.011257	
15.41034	696.912437	696.944877	603.039904	603.10725	
15.41927	696.996584	697.049597	603.12405	603.203243	
15.42935	697.09082	697.154316	603.218286	603.307963	
15.43946	697.184783	697.259036	603.31225	603.412682	
15.44976	697.279995	697.355029	603.407461	603.499949	
15.45978	697.371876	697.451022	603.499342	603.595942	
15.46982	697.46334	697.547015	603.590807	603.683208	
15.47995	697.555057	697.643009	603.682524	603.779201	
15.49004	697.645852	697.730275	603.773319	603.866468	
15.50019	697.736563	697.817542	603.864029	603.945008	
15.51146	697.836467	697.904808	603.963934	604.032274	
15.52078	697.918591	697.992074	604.046058	604.119541	
15.53069	698.005262	698.070614	604.132728	604.19808	
15.54076	698.092778	698.149154	604.220244	604.27662	
15.55089	698.180264	698.236421	604.30773	604.35516	
15.56163	698.2723	698.31496	604.399766	604.442427	
15.57115	698.353331	698.3935	604.480797	604.51224	
15.5813	698.43906	698.47204	604.566526	604.59078	
15.5914	698.523795	698.55058	604.651262	604.669319	
15.60149	698.607884	698.620393	604.73535	604.739133	
15.61332	698.705592	698.690206	604.833058	604.817672	
15.62218	698.778351	698.768746	604.905817	604.896212	
15.63191	698.85765	698.838559	604.985116	604.966025	
15.64212	698.940253	698.917099	605.067719	605.044565	
15.65214	699.020743	698.986912	605.14821	605.123105	
15.66271	699.104923	699.074179	605.232389	605.201645	
15.67266	699.183601	699.143992	605.311067	605.280185	
15.6828	699.263151	699.222532	605.390617	605.349998	
15.69293	699.34209	699.301071	605.469557	605.437264	
15.70303	699.420099	699.379611	605.547566	605.515804	
15.71431	699.50657	699.458151	605.634036	605.594344	
15.72338	699.575566	699.536691	605.703032	605.672884	
15.73356	699.652333	699.615231	605.779799	605.751423	
15.74366	699.72796	699.702497	605.855426	605.83869	
15.75413	699.805732	699.781037	605.933198	605.91723	
15.76397	699.878212	699.859577	606.005678	605.99577	
15.77408	699.952074	699.946843	606.07954	606.083036	
15.78423	700.02561	700.025383	606.153076	606.161576	
15.79437	700.098499	700.112649	606.225965	606.240116	
15.80452	700.170778	700.191189	606.298244	606.327382	
15.81579	700.250374	700.269729	606.377841	606.397195	
15.82503	700.315099	700.356996	606.442565	606.484462	
15.83514	700.385323	700.435535	606.512789	606.554275	
15.84533	700.455457	700.505349	606.582923	606.624088	
15.85538	700.523992	700.583888	606.651459	606.702628	
15.86575	700.594193	700.662428	606.721659	606.781168	
15.87575	700.66121	700.740968	606.788676	606.850981	
15.88584	700.728264	700.810781	606.85573	606.920794	
15.89597	700.794969	700.880594	606.922435	606.990607	
15.90607	700.860822	700.950408	606.988288	607.051694	
15.91712	700.932228	701.011494	607.059694	607.121507	
15.92642	700.99177	701.081307	607.119236	607.182593	
15.93822	701.066455	701.159847	607.193921	607.261133	
15.94829	701.129648	701.220934	607.257115	607.313493	
15.959	701.198219	701.273293	607.325685	607.37458	
15.9693	701.259482	701.343107	607.386948	607.435666	
15.97937	701.3208	701.395466	607.448266	607.488026	
15.98952	701.382043	701.447826	607.509509	607.549113	
15.99958	701.442117	701.500186	607.569584	607.601472	
16.00992	701.503229	701.552546	607.630696	607.653832	
16.02108	701.568419	701.604906	607.695885	607.714919	
16.03117	701.62676	701.657266	607.754226	607.767279	
16.04128	701.684636	701.709626	607.812103	607.819639	
16.05137	701.741798	701.761986	607.869264	607.871999	
16.06159	701.799097	701.805619	607.926564	607.924358	
16.07188	701.856151	701.857979	607.983618	607.985445	
16.0818	701.910546	701.901612	608.038013	608.037805	
16.09196	701.965696	701.953972	608.093163	608.081438	
16.10998	702.061136	702.041238	608.188602	608.168705	
16.11434	702.084314	702.058692	608.21178	608.194884	
16.12458	702.13791	702.111051	608.265376	608.247244	
16.13479	702.190701	702.163411	608.318167	608.299604	
16.14486	702.242195	702.215771	608.369661	608.351964	
16.15574	702.297184	702.268131	608.42465	608.413051	
16.16518	702.3443	702.311764	608.471766	608.456684	
16.1754	702.394745	702.364124	608.522211	608.509044	
16.18534	702.44323	702.416484	608.570696	608.561404	
16.19547	702.491999	702.468844	608.619465	608.605037	
16.20693	702.546414	702.521204	608.67388	608.657397	
16.21576	702.587889	702.573564	608.715355	608.70103	
16.22606	702.635677	702.625924	608.763143	608.75339	
16.23614	702.68179	702.68701	608.809256	608.80575	
16.24622	702.727353	702.73937	608.854819	608.85811	
16.25635	702.772519	702.79173	608.899985	608.910469	
16.26644	702.816908	702.835363	608.944374	608.954103	
16.27674	702.861642	702.887723	608.989109	608.997736	
16.28681	702.904707	702.931356	609.032173	609.050096	
16.29691	702.947348	702.983716	609.074814	609.102456	
16.30703	702.989493	703.036076	609.116959	609.146089	
16.31721	703.031234	703.079709	609.1587	609.189722	
16.32736	703.072287	703.123342	609.199753	609.242082	
16.33751	703.112717	703.158249	609.240183	609.276989	
16.34761	703.152368	703.201882	609.279834	609.320622	
16.35773	703.191468	703.245516	609.318934	609.364255	
16.36791	703.23023	703.289149	609.357697	609.399162	
16.37812	703.268482	703.324055	609.395949	609.442795	
16.3882	703.305654	703.367689	609.433121	609.486428	
16.39831	703.342329	703.402595	609.469796	609.521335	
16.40844	703.378485	703.437502	609.505952	609.564968	
16.41858	703.414092	703.472408	609.541558	609.599874	
16.42878	703.449267	703.507315	609.576733	609.643508	
16.43894	703.483741	703.542221	609.611207	609.678414	
16.449	703.517268	703.577128	609.644734	609.713321	
16.45921	703.550688	703.612035	609.678154	609.748227	
16.47019	703.585953	703.646941	609.71342	609.783134	
16.47945	703.615184	703.673121	609.742651	609.818041	
16.48962	703.646685	703.708028	609.774151	609.844221	
16.49976	703.677498	703.734208	609.804964	609.870401	
16.50984	703.707541	703.769114	609.835008	609.905307	
16.52	703.737212	703.786568	609.864678	609.931487	
16.53018	703.766345	703.821474	609.893811	609.957667	
16.54034	703.794844	703.847654	609.92231	609.983847	
16.55044	703.822562	703.873834	609.950029	610.010027	
16.5606	703.84987	703.891287	609.977337	610.02748	
16.57116	703.877611	703.917467	610.005077	610.05366	
16.58083	703.902465	703.943647	610.029931	610.071113	
16.59098	703.927956	703.9611	610.055422	610.088567	
16.60109	703.952775	703.978554	610.080241	610.10602	
16.61119	703.976965	703.996007	610.104431	610.123473	
16.62146	704.000972	704.01346	610.128438	610.1322	
16.63154	704.023964	704.030914	610.151431	610.149653	
16.64168	704.046482	704.048367	610.173948	610.15838	
16.65182	704.068415	704.06582	610.195882	610.167106	
16.66189	704.089634	704.083274	610.2171	610.18456	
16.68035	704.126139	704.100727	610.253605	610.202013	
16.68472	704.134847	704.109453	610.262314	610.21074	
16.69486	704.154301	704.126907	610.281768	610.219466	
16.70502	704.173226	704.135633	610.300692	610.23692	
16.71513	704.191465	704.153087	610.318931	610.254373	
16.72651	704.21124	704.161813	610.338706	610.2631	
16.73544	704.226364	704.17054	610.353831	610.280553	
16.7456	704.242959	704.187993	610.370425	610.298006	
16.75573	704.258928	704.205447	610.386394	610.315459	
16.76584	704.2743	704.214173	610.401766	610.332913	
16.77596	704.289123	704.231627	610.41659	610.350366	
16.78612	704.303428	704.240353	610.430894	610.367819	
16.79631	704.317201	704.257806	610.444667	610.385273	
16.80643	704.330317	704.27526	610.457783	610.402726	
16.81653	704.34284	704.283986	610.470307	610.420179	
16.82788	704.356196	704.30144	610.483662	610.437633	
16.83689	704.36639	704.310166	610.493857	610.463812	
16.84696	704.377215	704.32762	610.504681	610.472539	
16.85709	704.387551	704.345073	610.515017	610.489992	
16.86721	704.397329	704.3538	610.524796	610.507446	
16.87743	704.406643	704.362526	610.534109	610.516172	
16.8875	704.415292	704.37998	610.542759	610.533626	
16.89764	704.423464	704.388706	610.55093	610.542352	
16.9078	704.431104	704.397433	610.55857	610.551079	
16.91791	704.43819	704.406159	610.565656	610.551079	
16.92913	704.445377	704.414886	610.572843	610.559806	
16.9386	704.451036	704.414886	610.578503	610.559806	
16.94833	704.456369	704.423613	610.583836	610.568532	
16.95849	704.46143	704.432339	610.588896	610.568532	
16.9686	704.465979	704.432339	610.593445	610.568532	
16.97877	704.470075	704.432339	610.597541	610.568532	
16.98888	704.473665	704.432339	610.601131	610.568532	
16.99903	704.476824	704.432339	610.604291	610.568532	
17.00914	704.479537	704.432339	610.607004	610.568532	
17.01968	704.481911	704.432339	610.609377	610.568532	
17.03048	704.483896	704.432339	610.611362	610.568532	
17.03959	704.485314	704.432339	610.61278	610.568532	
17.04968	704.489743	704.432339	610.617209	610.568532	
17.05983	704.489743	704.432339	610.617209	610.568532	
17.06991	704.489743	704.432339	610.617209	610.568532	
17.08006	704.489743	704.432339	610.617209	610.568532	
17.09027	704.489743	704.432339	610.617209	610.568532	
17.10042	704.489743	704.432339	610.617209	610.568532	
17.11062	704.489743	704.432339	610.617209	610.568532	
17.1207	704.489743	704.432339	610.617209	610.568532	
17.13176	704.489743	704.432339	610.617209	610.568532	
17.14133	704.489743	704.432339	610.617209	610.568532	
17.15108	704.489743	704.432339	610.617209	610.568532	
17.16122	704.489743	704.432339	610.617209	610.568532	
17.17132	704.489743	704.432339	610.617209	610.568532	
17.18151	704.489743	704.432339	610.617209	610.568532	
17.19157	704.489743	704.432339	610.617209	610.568532	
17.20175	704.489743	704.432339	610.617209	610.568532	
17.21246	704.489743	704.432339	610.617209	610.568532	
17.2222	704.489743	704.432339	610.617209	610.568532	
17.23303	704.489743	704.432339	610.617209	610.568532	
17.24281	704.489743	704.432339	610.617209	610.568532	
17.25295	704.489743	704.432339	610.617209	610.568532	
17.26307	704.489743	704.432339	610.617209	610.568532	
17.2732	704.489743	704.432339	610.617209	610.568532	
17.28336	704.489743	704.432339	610.617209	610.568532	
17.29354	704.489743	704.432339	610.617209	610.568532	
17.30366	704.489743	704.432339	610.617209	610.568532	
17.31378	704.489743	704.432339	610.617209	610.568532	
17.32392	704.489743	704.432339	610.617209	610.568532	
17.33432	704.489743	704.432339	610.617209	610.568532	
17.34456	704.489743	704.432339	610.617209	610.568532	
17.3543	704.489743	704.432339	610.617209	610.568532	
17.36447	704.489743	704.432339	610.617209	610.568532	
17.37466	704.489743	704.432339	610.617209	610.568532	
17.38476	704.489743	704.432339	610.617209	610.568532	
17.39491	704.489743	704.432339	610.617209	610.568532	
17.40506	704.489743	704.432339	610.617209	610.568532	
17.41517	704.489743	704.432339	610.617209	610.568532	
17.42525	704.489743	704.432339	610.617209	610.568532	
17.43557	704.489743	704.432339	610.617209	610.568532	
17.44558	704.489743	704.432339	610.617209	610.568532	
17.45571	704.489743	704.432339	610.617209	610.568532	
17.46585	704.489743	704.432339	610.617209	610.568532	
17.47598	704.489743	704.432339	610.617209	610.568532	
17.48613	704.489743	704.432339	610.617209	610.568532	
17.49623	704.489743	704.441066	610.617209	610.568532	
17.51439	704.489743	704.441066	610.617209	610.568532	
17.51884	704.489743	704.441066	610.617209	610.568532	
17.52886	704.489743	704.441066	610.617209	610.568532	
17.53951	704.489743	704.441066	610.617209	610.568532	
17.5497	704.489743	704.449793	610.617209	610.568532	
17.55975	704.489743	704.449793	610.617209	610.568532	
17.56987	704.489743	704.458519	610.617209	610.568532	
17.58005	704.489743	704.467246	610.617209	610.568532	
17.59014	704.489743	704.467246	610.617209	610.568532	
17.60026	704.489743	704.475973	610.617209	610.568532	
17.61063	704.489743	704.475973	610.617209	610.568532	
17.62073	704.489743	704.484699	610.617209	610.568532	
17.6312	704.489743	704.484699	610.617209	610.568532	
17.64105	704.489743	704.475973	610.617209	610.568532	
17.65119	704.489743	704.475973	610.617209	610.568532	
17.66137	704.489743	704.467246	610.617209	610.568532	
17.67139	704.489743	704.467246	610.617209	610.568532	
17.68157	704.489743	704.467246	610.617209	610.568532	
17.69165	704.489743	704.467246	610.617209	610.568532	
17.70182	704.489743	704.467246	610.617209	610.577259	
17.71219	704.489743	704.475973	610.617209	610.585986	
17.72992	704.489743	704.475973	610.617209	610.594712	
17.73428	704.489743	704.475973	610.617209	610.594712	
17.74448	704.489743	704.475973	610.617209	610.603439	
17.75464	704.489743	704.467246	610.617209	610.603439	
17.76516	704.489743	704.467246	610.617209	610.612165	
17.77493	704.489743	704.475973	610.617209	610.612165	
17.78507	704.489743	704.475973	610.617209	610.612165	
17.79521	704.489743	704.475973	610.617209	610.603439	
17.80539	704.489743	704.475973	610.617209	610.603439	
17.81554	704.489743	704.467246	610.617209	610.603439	
17.82561	704.489743	704.467246	610.617209	610.603439	
17.83576	704.489743	704.467246	610.617209	610.603439	
17.85148	704.489743	704.475973	610.617209	610.603439	
17.85857	704.489743	704.475973	610.617209	610.603439	
17.86883	704.489743	704.475973	610.617209	610.603439	
