14.43827	1487.31875	1487.31723	1393.47239	1393.47087	
14.45609	1487.32299	1487.31723	1393.47664	1393.47087	
14.46045	1487.32397	1487.31723	1393.47762	1393.47087	
14.47055	1487.32702	1487.31723	1393.48067	1393.47087	
14.48073	1487.33072	1487.32596	1393.48437	1393.47087	
14.49089	1487.33503	1487.32596	1393.48867	1393.47087	
14.50101	1487.33993	1487.32596	1393.49358	1393.47087	
14.51114	1487.34545	1487.32596	1393.4991	1393.47087	
14.52124	1487.35158	1487.32596	1393.50523	1393.4796	
14.53145	1487.3584	1487.33468	1393.51205	1393.4796	
14.54169	1487.36586	1487.33468	1393.51951	1393.4796	
14.55182	1487.37387	1487.33468	1393.52751	1393.4796	
14.56194	1487.38246	1487.33468	1393.53611	1393.4796	
14.57213	1487.39176	1487.33468	1393.5454	1393.4796	
14.58223	1487.40158	1487.34341	1393.55522	1393.4796	
14.59237	1487.41204	1487.35214	1393.56569	1393.48833	
14.60253	1487.42316	1487.35214	1393.57681	1393.48833	
14.61265	1487.43485	1487.36959	1393.58849	1393.49705	
14.62275	1487.44712	1487.37832	1393.60076	1393.50578	
14.63293	1487.46012	1487.38704	1393.61377	1393.52323	
14.64311	1487.47374	1487.39577	1393.62739	1393.53196	
14.65327	1487.48794	1487.4045	1393.64159	1393.54941	
14.66337	1487.50267	1487.42195	1393.65632	1393.56687	
14.67353	1487.51812	1487.43068	1393.67177	1393.58432	
14.68363	1487.53408	1487.44813	1393.68772	1393.6105	
14.69379	1487.55076	1487.45686	1393.70441	1393.62795	
14.70388	1487.56792	1487.47431	1393.72157	1393.64541	
14.71407	1487.58589	1487.49176	1393.73954	1393.67159	
14.72424	1487.60444	1487.50921	1393.75809	1393.69777	
14.73447	1487.62374	1487.52667	1393.77739	1393.71522	
14.74451	1487.64328	1487.54412	1393.79693	1393.7414	
14.75473	1487.66378	1487.56157	1393.81743	1393.76758	
14.76481	1487.68462	1487.57903	1393.83827	1393.79376	
14.77493	1487.70617	1487.60521	1393.85981	1393.81994	
14.78635	1487.73131	1487.63139	1393.88496	1393.84612	
14.79521	1487.75119	1487.65757	1393.90483	1393.86357	
14.80534	1487.7746	1487.68375	1393.92825	1393.88975	
14.81547	1487.79863	1487.70993	1393.95228	1393.90721	
14.82568	1487.82346	1487.73611	1393.97711	1393.93339	
14.83594	1487.84954	1487.77101	1394.00319	1393.95957	
14.84599	1487.87473	1487.80592	1394.02838	1393.97702	
14.85614	1487.90128	1487.8321	1394.05493	1394.0032	
14.86624	1487.9283	1487.86701	1394.08194	1394.02938	
14.87637	1487.95603	1487.89319	1394.10968	1394.05556	
14.88648	1487.98432	1487.92809	1394.13797	1394.08174	
14.89662	1488.01331	1487.963	1394.16696	1394.11665	
14.90681	1488.04305	1487.99791	1394.1967	1394.14283	
14.91692	1488.07319	1488.03281	1394.22684	1394.17773	
14.92702	1488.1039	1488.05899	1394.25755	1394.20391	
14.93747	1488.13635	1488.0939	1394.29	1394.23882	
14.94731	1488.16747	1488.12881	1394.32112	1394.27373	
14.95749	1488.20029	1488.16371	1394.35393	1394.30863	
14.96757	1488.23336	1488.19862	1394.38701	1394.34354	
14.97769	1488.26723	1488.24225	1394.42088	1394.37845	
14.98782	1488.30172	1488.27716	1394.45537	1394.41335	
14.99794	1488.33682	1488.31207	1394.49047	1394.44826	
15.00806	1488.37248	1488.34697	1394.52613	1394.49189	
15.01825	1488.40905	1488.38188	1394.5627	1394.53553	
15.02911	1488.44877	1488.42551	1394.60242	1394.57043	
15.03888	1488.48503	1488.46915	1394.63868	1394.61407	
15.04887	1488.52273	1488.50405	1394.67638	1394.6577	
15.05873	1488.56047	1488.54769	1394.71411	1394.69261	
15.06886	1488.59989	1488.59132	1394.75354	1394.73624	
15.07894	1488.63972	1488.62623	1394.79337	1394.77987	
15.08913	1488.68062	1488.66986	1394.83427	1394.81478	
15.09926	1488.7219	1488.71349	1394.87555	1394.84968	
15.10937	1488.7637	1488.7484	1394.91735	1394.89332	
15.1195	1488.80619	1488.79203	1394.95984	1394.93695	
15.12962	1488.84928	1488.83567	1395.00293	1394.98058	
15.14898	1488.9345	1488.9142	1395.08815	1395.05912	
15.15338	1488.95372	1488.94038	1395.10737	1395.07658	
15.16356	1488.99917	1488.97529	1395.15282	1395.12021	
15.17375	1489.04522	1489.02765	1395.19886	1395.16384	
15.1838	1489.09126	1489.06256	1395.24491	1395.20748	
15.19399	1489.1386	1489.11492	1395.29224	1395.25111	
15.20414	1489.18633	1489.15855	1395.33997	1395.30347	
15.21425	1489.23448	1489.20218	1395.38813	1395.3471	
15.22438	1489.28337	1489.25454	1395.43702	1395.39074	
15.23449	1489.33274	1489.29818	1395.48639	1395.4431	
15.24587	1489.38919	1489.34181	1395.54283	1395.49546	
15.25482	1489.43398	1489.39417	1395.58763	1395.54782	
15.27485	1489.53729	1489.49889	1395.69093	1395.64381	
15.27963	1489.56188	1489.51634	1395.71552	1395.66999	
15.28937	1489.61261	1489.5687	1395.76626	1395.72235	
15.29951	1489.6661	1489.62106	1395.81975	1395.77471	
15.30978	1489.72094	1489.67342	1395.87459	1395.82707	
15.31986	1489.77532	1489.72578	1395.92897	1395.87943	
15.32992	1489.83025	1489.77814	1395.9839	1395.93179	
15.34036	1489.88788	1489.8305	1396.04153	1395.98415	
15.3506	1489.9451	1489.89159	1396.09875	1396.04524	
15.3606	1490.00146	1489.94395	1396.15511	1396.0976	
15.37071	1490.05911	1490.00504	1396.21276	1396.14996	
15.38082	1490.11739	1490.0574	1396.27103	1396.21104	
15.39098	1490.17657	1490.10976	1396.33022	1396.2634	
15.40112	1490.23622	1490.17084	1396.38987	1396.32449	
15.41125	1490.29646	1490.23193	1396.45011	1396.38557	
15.42141	1490.35749	1490.29302	1396.51114	1396.43793	
15.4315	1490.41871	1490.3541	1396.57235	1396.50775	
15.44166	1490.48101	1490.41519	1396.63466	1396.56011	
15.45185	1490.54411	1490.47627	1396.69775	1396.62992	
15.46197	1490.60734	1490.53736	1396.76098	1396.69973	
15.47209	1490.67119	1490.59845	1396.82483	1396.76082	
15.48223	1490.73579	1490.66826	1396.88944	1396.82191	
15.49238	1490.80115	1490.73807	1396.95479	1396.89172	
15.5025	1490.86687	1490.80789	1397.02052	1396.96153	
15.51263	1490.93323	1490.86897	1397.08687	1397.03135	
15.52284	1491.00081	1490.93879	1397.15446	1397.10116	
15.53295	1491.06833	1491.0086	1397.22197	1397.17097	
15.54304	1491.13623	1491.07841	1397.28988	1397.24951	
15.55328	1491.20593	1491.15695	1397.35957	1397.31933	
15.56343	1491.27551	1491.22677	1397.42916	1397.38914	
15.57359	1491.34583	1491.29658	1397.49947	1397.46768	
15.5837	1491.41637	1491.37512	1397.57001	1397.53749	
15.59379	1491.48746	1491.45366	1397.6411	1397.61603	
15.60401	1491.56004	1491.52347	1397.71369	1397.69457	
15.6141	1491.63228	1491.60201	1397.78592	1397.76438	
15.62424	1491.70555	1491.68055	1397.8592	1397.84292	
15.63437	1491.77936	1491.75036	1397.93301	1397.91274	
15.64451	1491.8538	1491.8289	1398.00744	1397.99128	
15.65469	1491.92923	1491.90744	1398.08288	1398.06982	
15.66483	1492.00497	1491.98598	1398.15862	1398.13963	
15.67537	1492.08439	1492.06452	1398.23803	1398.21817	
15.68548	1492.16112	1492.13434	1398.31477	1398.28798	
15.69555	1492.23817	1492.21288	1398.39181	1398.36652	
15.7057	1492.31645	1492.29142	1398.47009	1398.44506	
15.71588	1492.39563	1492.36996	1398.54927	1398.5236	
15.726	1492.47483	1492.4485	1398.62848	1398.60214	
15.73612	1492.55475	1492.52704	1398.7084	1398.67196	
15.74628	1492.63568	1492.60558	1398.78932	1398.75922	
15.7565	1492.71758	1492.69284	1398.87123	1398.83776	
15.76661	1492.79922	1492.77138	1398.95287	1398.9163	
15.7767	1492.88133	1492.84992	1399.03498	1398.99484	
15.79625	1493.04335	1492.92846	1399.197	1399.14319	
15.80065	1493.07969	1493.04191	1399.23333	1399.1781	
15.8108	1493.16434	1493.12045	1399.31799	1399.26537	
15.82092	1493.24942	1493.19899	1399.40307	1399.35263	
15.83106	1493.33523	1493.28625	1399.48887	1399.43117	
15.84116	1493.42136	1493.35607	1399.57501	1399.50971	
15.85168	1493.51177	1493.44333	1399.66542	1399.59698	
15.86158	1493.59735	1493.52187	1399.751	1399.68425	
15.87162	1493.68471	1493.60041	1399.83836	1399.77151	
15.8818	1493.77405	1493.68768	1399.9277	1399.85878	
15.89189	1493.86311	1493.77495	1400.01675	1399.95477	
15.90207	1493.95361	1493.87094	1400.10726	1400.04204	
15.91219	1494.04427	1493.95821	1400.19791	1400.13803	
15.92234	1494.13567	1494.0542	1400.28931	1400.2253	
15.9325	1494.22794	1494.14147	1400.38158	1400.32129	
15.94262	1494.32035	1494.23746	1400.474	1400.41729	
15.95289	1494.41489	1494.33345	1400.56854	1400.51328	
15.96296	1494.50806	1494.42945	1400.6617	1400.60927	
15.97302	1494.60177	1494.52544	1400.75542	1400.70526	
15.98316	1494.69679	1494.63016	1400.85043	1400.80126	
15.99325	1494.79202	1494.72615	1400.94566	1400.90598	
16.00345	1494.88898	1494.83087	1401.04262	1401.00197	
16.01368	1494.98677	1494.92686	1401.14042	1401.09796	
16.02372	1495.08336	1495.03158	1401.23701	1401.20268	
16.03388	1495.18173	1495.1363	1401.33538	1401.29868	
16.04398	1495.28011	1495.24102	1401.43376	1401.4034	
16.05525	1495.39077	1495.34574	1401.54442	1401.49939	
16.06427	1495.47967	1495.45046	1401.63331	1401.60411	
16.07443	1495.58052	1495.55518	1401.73416	1401.70883	
16.08458	1495.68183	1495.6599	1401.83547	1401.82228	
16.09464	1495.78292	1495.76462	1401.93657	1401.927	
16.10484	1495.88602	1495.86934	1402.03966	1402.03171	
16.11498	1495.98909	1495.97406	1402.14274	1402.13643	
16.12508	1496.09247	1496.07878	1402.24612	1402.24115	
16.13521	1496.19668	1496.1835	1402.35032	1402.34587	
16.14531	1496.30125	1496.28822	1402.45489	1402.45059	
16.15663	1496.41932	1496.39294	1402.57297	1402.55531	
16.16574	1496.51458	1496.49766	1402.66822	1402.66003	
16.17581	1496.62068	1496.60238	1402.77432	1402.76475	
16.1859	1496.72757	1496.71583	1402.88122	1402.86947	
16.19618	1496.83799	1496.82055	1402.99163	1402.97419	
16.20612	1496.9436	1496.92527	1403.09725	1403.07891	
16.22053	1497.09956	1497.07362	1403.25321	1403.22727	
16.23064	1497.20947	1497.18707	1403.36312	1403.33199	
16.24719	1497.39112	1497.29179	1403.54477	1403.44543	
16.25176	1497.44127	1497.41396	1403.59491	1403.55888	
16.26208	1497.55529	1497.5274	1403.70893	1403.6636	
16.27224	1497.66824	1497.63212	1403.82189	1403.77704	
16.28246	1497.78239	1497.74557	1403.93604	1403.88176	
16.29269	1497.89739	1497.85029	1404.05103	1403.97776	
16.3028	1498.01157	1497.96374	1404.16522	1404.08248	
16.31296	1498.12689	1498.06846	1404.28053	1404.1872	
16.32317	1498.24349	1498.17318	1404.39713	1404.30064	
16.33336	1498.36045	1498.29535	1404.51409	1404.41409	
16.34356	1498.47825	1498.40007	1404.6319	1404.51881	
16.35382	1498.59728	1498.51352	1404.75093	1404.63226	
16.36425	1498.71899	1498.62696	1404.87264	1404.7457	
16.37417	1498.83519	1498.74914	1404.98884	1404.85915	
16.38438	1498.95552	1498.86258	1405.10917	1404.97259	
16.39457	1499.07628	1498.98475	1405.22993	1405.09477	
16.4048	1499.19799	1499.10693	1405.35164	1405.21694	
16.41496	1499.3197	1499.22037	1405.47335	1405.33911	
16.42515	1499.44227	1499.35127	1405.59592	1405.46129	
16.43535	1499.56466	1499.47345	1405.71831	1405.58346	
16.44555	1499.68703	1499.59562	1405.84067	1405.70563	
16.45575	1499.81071	1499.72652	1405.96436	1405.82781	
16.46616	1499.93444	1499.84869	1406.08809	1405.95871	
16.47613	1500.054	1499.97087	1406.20764	1406.08088	
16.48631	1500.17621	1500.10177	1406.32985	1406.21178	
16.49651	1500.29861	1500.23267	1406.45225	1406.33395	
16.50671	1500.42093	1500.35484	1406.57458	1406.46485	
16.51702	1500.5447	1500.48574	1406.69835	1406.59575	
16.52713	1500.66594	1500.61664	1406.81958	1406.72665	
16.53733	1500.78839	1500.74754	1406.94203	1406.85755	
16.54752	1500.91064	1500.86971	1407.06429	1406.98845	
16.5584	1501.04135	1501.00061	1407.19499	1407.11935	
16.56794	1501.15573	1501.13151	1407.30938	1407.25025	
16.5781	1501.27761	1501.26241	1407.43126	1407.38115	
16.59675	1501.5014	1501.38458	1407.65505	1407.6255	
16.60134	1501.55654	1501.55912	1407.71019	1407.68658	
16.61154	1501.67893	1501.68129	1407.83258	1407.81748	
16.62173	1501.80115	1501.80346	1407.9548	1407.94838	
16.63192	1501.92347	1501.91691	1408.07711	1408.07928	
16.64211	1502.04571	1502.03035	1408.19936	1408.20145	
16.65241	1502.16943	1502.15253	1408.32308	1408.33235	
16.66266	1502.29245	1502.2747	1408.4461	1408.46325	
16.67286	1502.41482	1502.38815	1408.56846	1408.59415	
16.6833	1502.54003	1502.51905	1408.69367	1408.72505	
16.69345	1502.66184	1502.64122	1408.81548	1408.84723	
16.70365	1502.78427	1502.76339	1408.93792	1408.9694	
16.71388	1502.90697	1502.88557	1409.06062	1409.09157	
16.72405	1503.02905	1503.00774	1409.1827	1409.21374	
16.7342	1503.15083	1503.12991	1409.30447	1409.34464	
16.74442	1503.27353	1503.26081	1409.42717	1409.46682	
16.75457	1503.39528	1503.38298	1409.54892	1409.58899	
16.76484	1503.51847	1503.51388	1409.67212	1409.71989	
16.77498	1503.6402	1503.63606	1409.79384	1409.84206	
16.78517	1503.76254	1503.75823	1409.91618	1409.96424	
16.79537	1503.88484	1503.88913	1410.03849	1410.08641	
16.80555	1504.0071	1504.02003	1410.16074	1410.20858	
16.81584	1504.13046	1504.1422	1410.2841	1410.33076	
16.82596	1504.25197	1504.26438	1410.40562	1410.45293	
16.83613	1504.37405	1504.38655	1410.52769	1410.5751	
16.84632	1504.49628	1504.51745	1410.64992	1410.69727	
16.85648	1504.61822	1504.63962	1410.77187	1410.81072	
16.86686	1504.74276	1504.76179	1410.8964	1410.93289	
16.87689	1504.86315	1504.88397	1411.0168	1411.05507	
16.88713	1504.98602	1505.00614	1411.13967	1411.16851	
16.89755	1505.11105	1505.12831	1411.2647	1411.29069	
16.90774	1505.23331	1505.25049	1411.38695	1411.40413	
16.91772	1505.35309	1505.36393	1411.50674	1411.52631	
16.92792	1505.47545	1505.49483	1411.6291	1411.63975	
16.93812	1505.59782	1505.60828	1411.75146	1411.76193	
16.95671	1505.82102	1505.73045	1411.97466	1411.98009	
16.96281	1505.89458	1505.88753	1412.04822	1412.03245	
16.97151	1505.99852	1506.0097	1412.15217	1412.15462	
16.98172	1506.12109	1506.13188	1412.27474	1412.2768	
17.00015	1506.34221	1506.35004	1412.49586	1412.49496	
17.00473	1506.39715	1506.4024	1412.5508	1412.55605	
17.01489	1506.51918	1506.51585	1412.67282	1412.67822	
17.02507	1506.64119	1506.64675	1412.79484	1412.8004	
17.03537	1506.76489	1506.7602	1412.91854	1412.9313	
17.04561	1506.88777	1506.88237	1413.04142	1413.05347	
17.05588	1507.011	1507.00454	1413.16464	1413.17564	
17.06597	1507.13208	1507.13544	1413.28572	1413.29782	
17.07614	1507.25407	1507.25762	1413.40772	1413.42871	
17.08635	1507.3767	1507.38852	1413.53034	1413.55089	
17.09653	1507.49886	1507.51069	1413.6525	1413.67306	
17.10667	1507.62045	1507.64159	1413.7741	1413.80396	
17.11691	1507.74337	1507.77249	1413.89702	1413.92613	
17.12708	1507.86545	1507.89466	1414.01909	1414.05703	
17.13732	1507.9883	1508.01683	1414.14195	1414.17921	
17.1475	1508.11049	1508.14773	1414.26413	1414.31011	
17.15777	1508.23374	1508.27863	1414.38738	1414.44101	
17.16787	1508.3549	1508.40081	1414.50855	1414.56318	
17.17811	1508.47775	1508.52298	1414.63139	1414.68535	
17.1967	1508.7008	1508.64515	1414.85445	1414.90352	
17.20133	1508.75637	1508.80223	1414.91002	1414.95588	
17.21149	1508.87832	1508.9244	1415.03196	1415.07805	
17.22173	1509.00117	1509.04658	1415.15482	1415.20022	
17.23186	1509.12278	1509.16002	1415.27643	1415.3224	
17.24274	1509.25326	1509.27347	1415.4069	1415.43584	
17.25238	1509.36899	1509.37819	1415.52263	1415.55802	
17.26262	1509.49194	1509.50036	1415.64558	1415.67146	
17.27277	1509.61374	1509.61381	1415.76738	1415.79364	
17.28289	1509.73513	1509.72726	1415.88878	1415.90708	
17.29312	1509.85789	1509.8407	1416.01154	1416.02926	
17.30332	1509.98025	1509.96288	1416.1339	1416.15143	
17.31356	1510.10316	1510.08505	1416.2568	1416.26487	
17.32372	1510.22515	1510.20722	1416.3788	1416.38705	
17.334	1510.34846	1510.32067	1416.50211	1416.50922	
17.3441	1510.46972	1510.44284	1416.62337	1416.63139	
17.3543	1510.59211	1510.56501	1416.74576	1416.74484	
17.36515	1510.72227	1510.69591	1416.87592	1416.87574	
17.37472	1510.8371	1510.81809	1416.99075	1416.98919	
17.38492	1510.95949	1510.94026	1417.11314	1417.10263	
17.39493	1511.07953	1511.07116	1417.23317	1417.22481	
17.40502	1511.20052	1511.19333	1417.35417	1417.34698	
17.41514	1511.32197	1511.31551	1417.47562	1417.46915	
17.42532	1511.44416	1511.43768	1417.5978	1417.59133	
17.43542	1511.56538	1511.56858	1417.71903	1417.7135	
17.44554	1511.68681	1511.69075	1417.84046	1417.83567	
17.45564	1511.80795	1511.82165	1417.9616	1417.94912	
17.46667	1511.94039	1511.94382	1418.09404	1418.08002	
17.47606	1512.05303	1512.066	1418.20667	1418.20219	
17.48607	1512.1731	1512.18817	1418.32674	1418.31564	
17.4962	1512.29473	1512.31034	1418.44838	1418.43781	
17.50633	1512.41628	1512.43252	1418.56992	1418.56871	
17.51654	1512.53882	1512.56342	1418.69247	1418.69088	
17.52659	1512.65943	1512.68559	1418.81308	1418.80433	
17.53676	1512.78149	1512.80776	1418.93513	1418.9265	
17.54686	1512.9026	1512.92994	1419.05625	1419.04867	
17.5574	1513.02915	1513.04338	1419.1828	1419.17085	
17.56798	1513.15619	1513.16555	1419.30983	1419.30175	
17.57729	1513.26775	1513.28773	1419.4214	1419.42392	
17.58744	1513.38956	1513.4099	1419.54321	1419.54609	
17.59769	1513.51257	1513.53207	1419.66622	1419.66827	
17.60772	1513.63297	1513.65425	1419.78662	1419.79044	
17.61785	1513.75454	1513.77642	1419.90819	1419.91261	
17.62795	1513.87577	1513.89859	1420.02941	1420.03479	
17.63807	1513.99718	1514.02077	1420.15083	1420.15696	
17.64823	1514.11911	1514.14294	1420.27276	1420.27913	
17.66782	1514.35424	1514.26511	1420.50789	1420.50602	
17.67221	1514.40689	1514.43092	1420.56053	1420.57584	
17.6824	1514.52912	1514.56182	1420.68276	1420.69801	
17.69257	1514.65111	1514.67526	1420.80476	1420.82018	
17.70261	1514.77157	1514.78871	1420.92521	1420.94236	
17.71274	1514.89323	1514.89343	1421.04688	1421.07326	
17.72296	1515.0159	1515.0156	1421.16954	1421.1867	
17.73307	1515.13713	1515.12905	1421.29078	1421.30888	
17.7432	1515.25869	1515.2425	1421.41234	1421.43105	
17.7533	1515.37994	1515.36467	1421.53359	1421.55322	
17.76342	1515.50139	1515.47812	1421.65504	1421.66667	
17.77367	1515.62435	1515.60029	1421.77799	1421.78884	
17.78381	1515.74601	1515.72246	1421.89966	1421.91101	
17.79406	1515.86912	1515.84464	1422.02277	1422.03319	
17.8042	1515.99065	1515.96681	1422.14429	1422.15536	
17.8143	1516.11194	1516.08898	1422.26559	1422.27753	
17.82447	1516.23399	1516.21115	1422.38764	1422.39971	
17.8346	1516.35548	1516.33333	1422.50913	1422.51315	
17.84478	1516.47761	1516.4555	1422.63125	1422.63533	
17.85482	1516.59818	1516.57767	1422.75183	1422.7575	
17.86496	1516.71986	1516.69985	1422.87351	1422.87967	
17.87519	1516.84257	1516.82202	1422.99622	1423.00185	
17.88551	1516.96643	1516.95292	1423.12007	1423.12402	
17.89562	1517.08778	1517.07509	1423.24143	1423.23747	
17.90575	1517.21017	1517.19727	1423.36382	1423.35091	
17.91616	1517.33511	1517.31944	1423.48876	1423.47308	
17.92608	1517.45327	1517.44161	1423.60691	1423.59526	
17.9362	1517.57475	1517.56378	1423.7284	1423.71743	
17.94631	1517.69607	1517.68596	1423.84972	1423.8396	
17.95647	1517.81793	1517.80813	1423.97158	1423.95305	
17.96653	1517.9387	1517.9303	1424.09235	1424.07522	
17.97673	1518.06107	1518.05248	1424.21471	1424.18867	
17.98687	1518.18281	1518.17465	1424.33645	1424.31084	
17.99702	1518.30453	1518.29682	1424.45818	1424.43302	
18.00714	1518.42596	1518.419	1424.57961	1424.55519	
18.01756	1518.55107	1518.5499	1424.70472	1424.67736	
18.02738	1518.66884	1518.67207	1424.82249	1424.80826	
18.03753	1518.79067	1518.80297	1424.94431	1424.93043	
18.04764	1518.91205	1518.92514	1425.06569	1425.05261	
18.05774	1519.03316	1519.04731	1425.18681	1425.17478	
18.0679	1519.15512	1519.16949	1425.30876	1425.30568	
18.07811	1519.27769	1519.30039	1425.43133	1425.42785	
18.08833	1519.40034	1519.42256	1425.55398	1425.55875	
18.09842	1519.52143	1519.55346	1425.67508	1425.68093	
18.10856	1519.64307	1519.67563	1425.79672	1425.8031	
18.11894	1519.76769	1519.79781	1425.92134	1425.934	
18.12877	1519.88556	1519.91998	1426.0392	1426.05617	
18.1389	1520.00706	1520.04215	1426.1607	1426.17834	
18.14903	1520.12873	1520.16433	1426.28237	1426.30052	
18.15912	1520.2497	1520.2865	1426.40334	1426.42269	
18.16929	1520.37181	1520.40867	1426.52546	1426.54486	
18.17948	1520.49419	1520.53084	1426.64783	1426.66704	
18.18963	1520.61589	1520.65302	1426.76954	1426.78921	
18.19976	1520.7374	1520.77519	1426.89105	1426.91138	
18.20989	1520.85901	1520.88864	1427.01266	1427.03356	
18.22054	1520.98683	1521.01081	1427.14048	1427.16446	
18.23052	1521.1065	1521.13298	1427.26014	1427.28663	
18.24065	1521.22814	1521.24643	1427.38179	1427.40008	
18.2508	1521.34994	1521.3686	1427.50359	1427.52225	
18.26092	1521.47129	1521.49078	1427.62493	1427.64442	
18.27107	1521.59318	1521.60422	1427.74683	1427.76659	
18.28128	1521.71569	1521.72639	1427.86934	1427.88004	
18.29145	1521.83774	1521.83984	1427.99139	1428.00221	
18.30158	1521.95931	1521.96201	1428.11296	1428.12439	
18.31166	1522.08029	1522.08419	1428.23393	1428.23783	
18.3219	1522.20315	1522.20636	1428.3568	1428.36001	
18.33199	1522.32422	1522.32853	1428.47787	1428.48218	
18.34213	1522.44582	1522.45071	1428.59946	1428.60435	
18.35225	1522.56725	1522.57288	1428.72089	1428.72653	
18.36235	1522.68851	1522.68633	1428.84215	1428.83997	
18.37258	1522.81125	1522.8085	1428.9649	1428.97087	
18.38266	1522.93229	1522.93067	1429.08593	1429.09304	
18.39286	1523.05461	1523.05285	1429.20826	1429.20649	
18.40296	1523.17584	1523.17502	1429.32948	1429.32866	
18.41311	1523.2976	1523.29719	1429.45125	1429.45084	
18.43124	1523.51521	1523.41936	1429.66886	1429.66028	
18.43561	1523.56764	1523.56772	1429.72128	1429.71264	
18.44573	1523.68915	1523.68989	1429.8428	1429.84354	
18.45585	1523.81049	1523.81206	1429.96414	1429.95698	
18.46602	1523.93255	1523.92551	1430.08619	1430.07043	
18.47626	1524.05543	1524.03896	1430.20907	1430.1926	
18.48633	1524.17633	1524.1524	1430.32997	1430.31478	
18.49642	1524.2973	1524.26585	1430.45094	1430.43695	
18.50652	1524.41859	1524.38802	1430.57224	1430.55039	
18.5167	1524.54066	1524.50147	1430.6943	1430.67257	
18.5274	1524.66918	1524.62364	1430.82282	1430.79474	
18.53709	1524.78539	1524.74581	1430.93903	1430.90819	
18.54726	1524.90737	1524.86799	1431.06101	1431.03036	
18.55733	1525.02827	1524.98143	1431.18191	1431.15253	
18.56744	1525.14962	1525.11233	1431.30327	1431.26598	
18.57765	1525.27213	1525.23451	1431.42578	1431.38815	
18.58807	1525.39622	1525.35668	1431.54987	1431.51905	
18.60604	1525.60779	1525.57485	1431.76143	1431.72849	
18.61041	1525.65934	1525.62721	1431.81298	1431.78085	
18.62059	1525.77853	1525.75811	1431.93218	1431.91175	
18.63072	1525.89662	1525.88028	1432.05026	1432.03392	
18.64083	1526.01384	1526.01118	1432.16748	1432.1561	
18.65098	1526.13081	1526.13335	1432.28446	1432.27827	
18.66113	1526.2473	1526.25552	1432.40094	1432.40917	
18.67121	1526.36223	1526.38642	1432.51587	1432.52262	
18.68178	1526.48235	1526.5086	1432.63599	1432.65352	
18.69157	1526.5928	1526.63077	1432.74644	1432.77569	
18.70166	1526.70608	1526.76167	1432.85972	1432.89786	
18.71182	1526.8195	1526.88384	1432.97314	1433.02004	
18.72196	1526.93215	1527.00602	1433.0858	1433.14221	
18.73213	1527.04456	1527.12819	1433.19821	1433.26438	
18.74223	1527.15547	1527.24164	1433.30911	1433.37783	
18.75236	1527.26608	1527.35508	1433.41973	1433.5	
18.7625	1527.37637	1527.47725	1433.53001	1433.61345	
18.77264	1527.48588	1527.5907	1433.63953	1433.73562	
18.78305	1527.59776	1527.70415	1433.75141	1433.84034	
18.79429	1527.71773	1527.80887	1433.87137	1433.97124	
18.80312	1527.81153	1527.92231	1433.96517	1434.06723	
18.81322	1527.91812	1528.02703	1434.07176	1434.17195	
18.82332	1528.02418	1528.13175	1434.17783	1434.27667	
18.83351	1528.13072	1528.23647	1434.28437	1434.38139	
18.84365	1528.23588	1528.34119	1434.38953	1434.48611	
18.85378	1528.34048	1528.43719	1434.49413	1434.59083	
18.86392	1528.44446	1528.54191	1434.5981	1434.69555	
18.87402	1528.54776	1528.6379	1434.7014	1434.80027	
18.89327	1528.74117	1528.73389	1434.89481	1434.98353	
18.89796	1528.78845	1528.86479	1434.9421	1435.02716	
18.9078	1528.88674	1528.96078	1435.04039	1435.12316	
18.91798	1528.98792	1529.05678	1435.14157	1435.21915	
18.92805	1529.08736	1529.14404	1435.24101	1435.32387	
18.93825	1529.18756	1529.24004	1435.3412	1435.41114	
18.94838	1529.28635	1529.3273	1435.43999	1435.50713	
18.95846	1529.38408	1529.4233	1435.53772	1435.60312	
18.96859	1529.48172	1529.51929	1435.63536	1435.69912	
18.97908	1529.58212	1529.60656	1435.73576	1435.79511	
18.98892	1529.67581	1529.71128	1435.82946	1435.88238	
18.99902	1529.77121	1529.79854	1435.92486	1435.96964	
19.00914	1529.86623	1529.90326	1436.01988	1436.06564	
19.01926	1529.96077	1529.99926	1436.11442	1436.16163	
19.02937	1530.05456	1530.09525	1436.20821	1436.24889	
19.03955	1530.14837	1530.19124	1436.30201	1436.34489	
19.04975	1530.24168	1530.28723	1436.39532	1436.44088	
19.05987	1530.3336	1530.38323	1436.48725	1436.52815	
19.06996	1530.42476	1530.47922	1436.57841	1436.62414	
19.08034	1530.51788	1530.57521	1436.67152	1436.71141	
19.09044	1530.60792	1530.66248	1436.76156	1436.8074	
19.10073	1530.69889	1530.75847	1436.85254	1436.89467	
19.11071	1530.78665	1530.85447	1436.94029	1436.99066	
19.12083	1530.87494	1530.95046	1437.02858	1437.07793	
19.13103	1530.96342	1531.03773	1437.11706	1437.16519	
19.14135	1531.05221	1531.12499	1437.20586	1437.25246	
19.15129	1531.13718	1531.21226	1437.29083	1437.33973	
19.16142	1531.22311	1531.2908	1437.37675	1437.42699	
19.17154	1531.30843	1531.37807	1437.46207	1437.50553	
19.18169	1531.39334	1531.45661	1437.54698	1437.5928	
19.19189	1531.47805	1531.54387	1437.6317	1437.68006	
19.20202	1531.56155	1531.63114	1437.71519	1437.76733	
19.21216	1531.64462	1531.70968	1437.79826	1437.84587	
19.22229	1531.72684	1531.78822	1437.88049	1437.92441	
19.23238	1531.80825	1531.87548	1437.96189	1438.00295	
19.25369	1531.97675	1532.04129	1438.13039	1438.17748	
19.2581	1532.01166	1532.0762	1438.16531	1438.21239	
19.26828	1532.0916	1532.15474	1438.24524	1438.29966	
19.27836	1532.17009	1532.23328	1438.32374	1438.3782	
19.28928	1532.25451	1532.31182	1438.40815	1438.45674	
19.29863	1532.32628	1532.39036	1438.47992	1438.53528	
19.30888	1532.4042	1532.4689	1438.55785	1438.61382	
19.31885	1532.4795	1532.54744	1438.63315	1438.69236	
19.32894	1532.55513	1532.62598	1438.70877	1438.76217	
19.33918	1532.63117	1532.70452	1438.78482	1438.84071	
19.34926	1532.70548	1532.78306	1438.85912	1438.91925	
19.35936	1532.77927	1532.85287	1438.93292	1438.98906	
19.36946	1532.85252	1532.93141	1439.00617	1439.0676	
19.37958	1532.92532	1533.00122	1439.07897	1439.14614	
19.39865	1533.05982	1533.13212	1439.21347	1439.27704	
19.40312	1533.09138	1533.16703	1439.24503	1439.30322	
19.41321	1533.16188	1533.23684	1439.31552	1439.38176	
19.42333	1533.232	1533.30665	1439.38564	1439.45157	
19.43342	1533.30132	1533.37647	1439.45497	1439.52139	
19.44377	1533.37182	1533.44628	1439.52547	1439.5912	
19.45373	1533.43903	1533.51609	1439.59268	1439.66101	
19.46388	1533.50697	1533.57718	1439.66062	1439.7221	
19.47403	1533.57426	1533.64699	1439.7279	1439.79191	
19.48413	1533.64062	1533.70808	1439.79427	1439.86173	
19.49445	1533.70779	1533.77789	1439.86143	1439.93154	
19.50461	1533.77332	1533.84771	1439.92697	1439.99263	
19.51471	1533.83782	1533.90879	1439.99147	1440.05371	
19.52488	1533.90218	1533.96988	1440.05583	1440.1148	
19.53496	1533.96542	1534.03097	1440.11907	1440.17589	
19.54513	1534.02855	1534.09205	1440.1822	1440.23697	
19.55532	1534.09119	1534.16187	1440.24484	1440.29806	
19.56541	1534.15267	1534.21423	1440.30631	1440.35915	
19.57554	1534.21371	1534.27531	1440.36736	1440.41151	
19.58563	1534.27393	1534.3364	1440.42758	1440.47259	
19.59589	1534.33461	1534.39749	1440.48826	1440.52495	
19.60611	1534.39434	1534.44985	1440.54799	1440.58604	
19.61612	1534.45232	1534.51093	1440.60597	1440.64712	
19.62624	1534.51027	1534.56329	1440.66392	1440.69948	
19.63634	1534.56756	1534.61565	1440.72121	1440.76057	
19.64652	1534.62464	1534.67674	1440.77829	1440.81293	
19.65665	1534.68086	1534.7291	1440.8345	1440.86529	
19.66677	1534.73642	1534.78146	1440.89007	1440.91765	
19.67694	1534.79168	1534.83382	1440.94532	1440.97001	
19.6874	1534.84782	1534.88618	1441.00147	1441.02237	
19.69718	1534.89975	1534.93854	1441.0534	1441.08346	
19.70738	1534.9533	1534.9909	1441.10695	1441.13582	
19.71743	1535.00549	1535.04326	1441.15914	1441.18818	
19.72787	1535.05907	1535.09562	1441.21272	1441.24054	
19.73782	1535.10953	1535.13925	1441.26317	1441.28417	
19.74807	1535.16086	1535.19161	1441.31451	1441.3278	
19.7581	1535.21053	1535.24397	1441.36417	1441.38016	
19.76814	1535.25963	1535.2876	1441.41328	1441.4238	
19.7783	1535.30875	1535.33124	1441.4624	1441.47616	
19.78887	1535.35915	1535.3836	1441.51279	1441.51979	
19.79934	1535.40844	1535.43596	1441.56209	1441.57215	
19.80976	1535.45688	1535.47959	1441.61053	1441.62451	
19.81957	1535.5019	1535.52322	1441.65555	1441.66814	
19.82973	1535.54792	1535.56686	1441.70156	1441.71178	
19.84029	1535.59507	1535.61049	1441.74871	1441.75541	
19.85031	1535.63925	1535.65412	1441.7929	1441.79904	
19.86053	1535.68371	1535.69776	1441.83735	1441.84268	
19.87057	1535.72677	1535.73266	1441.88041	1441.88631	
19.88071	1535.76968	1535.7763	1441.92332	1441.92121	
19.89085	1535.81198	1535.81993	1441.96562	1441.97357	
19.90106	1535.85396	1535.86356	1442.00761	1442.00848	
19.91118	1535.89499	1535.9072	1442.04863	1442.05211	
19.92132	1535.93545	1535.9421	1442.08909	1442.09575	
19.9315	1535.97549	1535.99446	1442.12914	1442.13065	
19.94156	1536.01446	1536.02937	1442.1681	1442.17429	
19.95171	1536.0532	1536.073	1442.20685	1442.20919	
19.96187	1536.09138	1536.11663	1442.24503	1442.25283	
19.97202	1536.12888	1536.15154	1442.28252	1442.28773	
19.98221	1536.16592	1536.19517	1442.31957	1442.33137	
19.99227	1536.20193	1536.23881	1442.35557	1442.36627	
20.00248	1536.23788	1536.27371	1442.39153	1442.40991	
20.01272	1536.27328	1536.30862	1442.42692	1442.44481	
20.02275	1536.30738	1536.35225	1442.46102	1442.47972	
20.03284	1536.34109	1536.38716	1442.49473	1442.51463	
20.04304	1536.37459	1536.42207	1442.52824	1442.54953	
20.05315	1536.40716	1536.45697	1442.56081	1442.58444	
20.06328	1536.43922	1536.49188	1442.59287	1442.61935	
20.07343	1536.47075	1536.52679	1442.6244	1442.65425	
20.08359	1536.5017	1536.55297	1442.65535	1442.68916	
20.09368	1536.53184	1536.58787	1442.68549	1442.72407	
20.10394	1536.56192	1536.62278	1442.71556	1442.75025	
20.11411	1536.59109	1536.64896	1442.74473	1442.78515	
20.1242	1536.61946	1536.67514	1442.7731	1442.81133	
20.13432	1536.64731	1536.71005	1442.80096	1442.83751	
20.14441	1536.67451	1536.73623	1442.82816	1442.86369	
20.15461	1536.70139	1536.76241	1442.85503	1442.88987	
20.16479	1536.72762	1536.79731	1442.88127	1442.91605	
20.17487	1536.75301	1536.81477	1442.90666	1442.94223	
20.18499	1536.77793	1536.84967	1442.93158	1442.96841	
20.19509	1536.80221	1536.86713	1442.95585	1442.98587	
20.20527	1536.82609	1536.89331	1442.97974	1443.01205	
20.21546	1536.84936	1536.91949	1443.00301	1443.0295	
20.22555	1536.87185	1536.93694	1443.02549	1443.05568	
20.23569	1536.89386	1536.95439	1443.0475	1443.07313	
20.24614	1536.91605	1536.97185	1443.0697	1443.09931	
20.25596	1536.93609	1536.99803	1443.08974	1443.11677	
20.2663	1536.95673	1537.01548	1443.11038	1443.13422	
20.27621	1536.97594	1537.03293	1443.12959	1443.15167	
20.28635	1536.99502	1537.05039	1443.14867	1443.16913	
20.29641	1537.0134	1537.05911	1443.16705	1443.18658	
20.30665	1537.0315	1537.07657	1443.18515	1443.20403	
20.31682	1537.04887	1537.08529	1443.20252	1443.22149	
20.32695	1537.06562	1537.09402	1443.21926	1443.23021	
20.33703	1537.08171	1537.11147	1443.23535	1443.24767	
20.34761	1537.09796	1537.1202	1443.25161	1443.26512	
20.35728	1537.11232	1537.12893	1443.26597	1443.27384	
20.3674	1537.12677	1537.13765	1443.28041	1443.28257	
20.37752	1537.14062	1537.14638	1443.29427	1443.2913	
20.38765	1537.15396	1537.15511	1443.3076	1443.30002	
20.39779	1537.16672	1537.16383	1443.32036	1443.30875	
20.40797	1537.17896	1537.16383	1443.3326	1443.31748	
20.41815	1537.19063	1537.18129	1443.34428	1443.3262	
20.4283	1537.20172	1537.18129	1443.35536	1443.33493	
20.4384	1537.21219	1537.19001	1443.36583	1443.33493	
20.44885	1537.22244	1537.19874	1443.37608	1443.34366	
20.45863	1537.23153	1537.19874	1443.38517	1443.35238	
20.4688	1537.24042	1537.20747	1443.39407	1443.35238	
20.47887	1537.2487	1537.21619	1443.40235	1443.36111	
20.48896	1537.25646	1537.21619	1443.4101	1443.36984	
20.49912	1537.26373	1537.22492	1443.41738	1443.36984	
20.50932	1537.2705	1537.23365	1443.42415	1443.37856	
20.51944	1537.27671	1537.23365	1443.43035	1443.38729	
20.52957	1537.2824	1537.24237	1443.43604	1443.38729	
20.53972	1537.28759	1537.2511	1443.44124	1443.38729	
20.55816	1537.29502	1537.2511	1443.44866	1443.39602	
20.56252	1537.29684	1537.25983	1443.45049	1443.40474	
20.57277	1537.30052	1537.25983	1443.45416	1443.40474	
20.58277	1537.30368	1537.26855	1443.45733	1443.40474	
20.59293	1537.30646	1537.26855	1443.46011	1443.41347	
20.60311	1537.30884	1537.26855	1443.46249	1443.41347	
20.61329	1537.31083	1537.26855	1443.46447	1443.41347	
20.62344	1537.31245	1537.26855	1443.4661	1443.41347	
20.63354	1537.31723	1537.26855	1443.47087	1443.41347	
20.64366	1537.31723	1537.26855	1443.47087	1443.41347	
20.65382	1537.31723	1537.26855	1443.47087	1443.41347	
20.66395	1537.31723	1537.26855	1443.47087	1443.41347	
20.67451	1537.31723	1537.26855	1443.47087	1443.41347	
20.68424	1537.31723	1537.26855	1443.47087	1443.41347	
20.69432	1537.31723	1537.26855	1443.47087	1443.41347	
20.70446	1537.31723	1537.26855	1443.47087	1443.41347	
20.71469	1537.31723	1537.26855	1443.47087	1443.41347	
20.72489	1537.31723	1537.26855	1443.47087	1443.41347	
20.73497	1537.31723	1537.26855	1443.47087	1443.41347	
20.7451	1537.31723	1537.26855	1443.47087	1443.41347	
20.75522	1537.31723	1537.26855	1443.47087	1443.41347	
20.76538	1537.31723	1537.26855	1443.47087	1443.41347	
20.77552	1537.31723	1537.26855	1443.47087	1443.41347	
20.78564	1537.31723	1537.26855	1443.47087	1443.41347	
20.79715	1537.31723	1537.26855	1443.47087	1443.41347	
20.806	1537.31723	1537.26855	1443.47087	1443.41347	
20.81634	1537.31723	1537.26855	1443.47087	1443.41347	
20.82619	1537.31723	1537.26855	1443.47087	1443.41347	
20.83632	1537.31723	1537.26855	1443.47087	1443.41347	
20.84644	1537.31723	1537.26855	1443.47087	1443.41347	
20.85653	1537.31723	1537.26855	1443.47087	1443.41347	
20.86671	1537.31723	1537.26855	1443.47087	1443.41347	
20.87683	1537.31723	1537.26855	1443.47087	1443.41347	
20.88699	1537.31723	1537.26855	1443.47087	1443.41347	
20.89707	1537.31723	1537.26855	1443.47087	1443.41347	
20.9075	1537.31723	1537.26855	1443.47087	1443.41347	
20.9174	1537.31723	1537.26855	1443.47087	1443.41347	
20.92754	1537.31723	1537.26855	1443.47087	1443.41347	
20.93763	1537.31723	1537.26855	1443.47087	1443.41347	
20.94775	1537.31723	1537.26855	1443.47087	1443.41347	
20.9579	1537.31723	1537.26855	1443.47087	1443.41347	
20.96802	1537.31723	1537.26855	1443.47087	1443.41347	
20.97818	1537.31723	1537.26855	1443.47087	1443.41347	
20.99631	1537.31723	1537.26855	1443.47087	1443.41347	
21.00066	1537.31723	1537.26855	1443.47087	1443.41347	
21.01191	1537.31723	1537.26855	1443.47087	1443.41347	
21.02114	1537.31723	1537.26855	1443.47087	1443.41347	
21.03106	1537.31723	1537.26855	1443.47087	1443.41347	
21.04192	1537.31723	1537.26855	1443.47087	1443.41347	
21.052	1537.31723	1537.26855	1443.47087	1443.41347	
21.0622	1537.31723	1537.26855	1443.47087	1443.41347	
21.07223	1537.31723	1537.26855	1443.47087	1443.41347	
21.08241	1537.31723	1537.26855	1443.47087	1443.41347	
21.09262	1537.31723	1537.26855	1443.47087	1443.41347	
21.10285	1537.31723	1537.26855	1443.47087	1443.41347	
21.11317	1537.31723	1537.26855	1443.47087	1443.41347	
21.12335	1537.31723	1537.26855	1443.47087	1443.41347	
21.13314	1537.31723	1537.26855	1443.47087	1443.41347	
21.14325	1537.31723	1537.26855	1443.47087	1443.41347	
21.15336	1537.31723	1537.26855	1443.47087	1443.41347	
21.16354	1537.31723	1537.26855	1443.47087	1443.41347	
21.17366	1537.31723	1537.27728	1443.47087	1443.4222	
21.18379	1537.31723	1537.27728	1443.47087	1443.4222	
21.19394	1537.31723	1537.27728	1443.47087	1443.4222	
21.20405	1537.31723	1537.28601	1443.47087	1443.4222	
21.21551	1537.31723	1537.28601	1443.47087	1443.4222	
21.22441	1537.31723	1537.28601	1443.47087	1443.4222	
21.23447	1537.31723	1537.28601	1443.47087	1443.4222	
21.2541	1537.31723	1537.28601	1443.47087	1443.43965	
21.25886	1537.31723	1537.28601	1443.47087	1443.43965	
21.26867	1537.31723	1537.28601	1443.47087	1443.43965	
21.27873	1537.31723	1537.28601	1443.47087	1443.44838	
21.28888	1537.31723	1537.28601	1443.47087	1443.4571	
21.29897	1537.31723	1537.28601	1443.47087	1443.4571	
21.30926	1537.31723	1537.28601	1443.47087	1443.4571	
21.31935	1537.31723	1537.28601	1443.47087	1443.4571	
21.32947	1537.31723	1537.28601	1443.47087	1443.4571	
21.33958	1537.31723	1537.28601	1443.47087	1443.4571	
21.34972	1537.31723	1537.28601	1443.47087	1443.4571	
21.36028	1537.31723	1537.28601	1443.47087	1443.44838	
21.37011	1537.31723	1537.28601	1443.47087	1443.44838	
21.38028	1537.31723	1537.28601	1443.47087	1443.44838	
21.39062	1537.31723	1537.28601	1443.47087	1443.44838	
21.40053	1537.31723	1537.28601	1443.47087	1443.44838	
21.41068	1537.31723	1537.28601	1443.47087	1443.4571	
21.42093	1537.31723	1537.28601	1443.47087	1443.4571	
21.43104	1537.31723	1537.28601	1443.47087	1443.4571	
21.44115	1537.31723	1537.29473	1443.47087	1443.4571	
21.45129	1537.31723	1537.29473	1443.47087	1443.4571	
21.46144	1537.31723	1537.29473	1443.47087	1443.4571	
21.47155	1537.31723	1537.30346	1443.47087	1443.44838	
21.4817	1537.31723	1537.30346	1443.47087	1443.44838	
21.49185	1537.31723	1537.30346	1443.47087	1443.44838	
21.50198	1537.31723	1537.30346	1443.47087	1443.44838	
21.51211	1537.31723	1537.30346	1443.47087	1443.4571	
