2.853902	604.495734	604.494786	510.631927	510.630979	
2.863971	604.497264	604.494786	510.633457	510.630979	
2.874074	604.499415	604.494786	510.635607	510.639706	
2.884129	604.50216	604.494786	510.638353	510.639706	
2.894458	604.50563	604.494786	510.641823	510.639706	
2.90441	604.509554	604.494786	510.645747	510.639706	
2.914543	604.514174	604.494786	510.650367	510.639706	
2.924646	604.519388	604.494786	510.655581	510.639706	
2.934768	604.525229	604.494786	510.661422	510.639706	
2.94494	604.531723	604.494786	510.667916	510.648433	
2.96307	604.545705	604.494786	510.681898	510.648433	
2.967457	604.549015	604.494786	510.685208	510.648433	
2.977606	604.557483	604.494786	510.693676	510.648433	
2.987725	604.566535	604.494786	510.702728	510.648433	
2.997877	604.576241	604.494786	510.712434	510.648433	
3.008009	604.586539	604.503513	510.722732	510.648433	
3.018216	604.597542	604.503513	510.733735	510.648433	
3.028279	604.608993	604.51224	510.745186	510.648433	
3.03837	604.621086	604.520966	510.757278	510.648433	
3.04856	604.633932	604.529693	510.770125	510.648433	
3.058783	604.647448	604.547146	510.783641	510.665886	
3.068916	604.661447	604.5646	510.79764	510.674612	
3.079002	604.67599	604.582053	510.812183	510.683339	
3.089114	604.691188	604.608233	510.827381	510.700792	
3.099291	604.707109	604.634413	510.843301	510.718246	
3.109401	604.723536	604.651866	510.859729	510.735699	
3.119545	604.740636	604.686773	510.876829	510.761879	
3.129688	604.758355	604.704226	510.894547	510.788059	
3.139809	604.776644	604.739133	510.912837	510.814239	
3.149981	604.795651	604.765312	510.931844	510.849145	
3.160487	604.815972	604.791492	510.952165	510.875325	
3.170316	604.835519	604.817672	510.971712	510.910232	
3.180435	604.856265	604.843852	510.992458	510.945139	
3.190511	604.877535	604.870032	511.013728	510.980045	
3.200739	604.899772	604.896212	511.035965	511.014952	
3.210845	604.922339	604.922392	511.058532	511.049858	
3.220958	604.94554	604.948572	511.081733	511.084765	
3.231092	604.969409	604.974752	511.105602	511.119671	
3.241204	604.993836	605.000932	511.130029	511.154578	
3.251353	605.018972	605.027112	511.155165	511.189485	
3.261586	605.044968	605.053292	511.18116	511.215665	
3.271848	605.07163	605.079472	511.207823	511.250571	
3.281965	605.098541	605.105652	511.234734	511.276751	
3.292073	605.126044	605.140558	511.262237	511.311658	
3.302264	605.154395	605.166738	511.290588	511.337838	
3.312367	605.183117	605.192918	511.31931	511.364018	
3.322541	605.212655	605.227825	511.348848	511.398924	
3.332642	605.2426	605.262731	511.378793	511.416377	
3.342982	605.274136	605.288911	511.410329	511.442557	
3.352924	605.304572	605.323818	511.440765	511.468737	
3.363126	605.336702	605.349998	511.472895	511.494917	
3.373185	605.368945	605.384904	511.505138	511.521097	
3.383339	605.402151	605.419811	511.538344	511.547277	
3.393511	605.436008	605.454718	511.5722	511.573457	
3.411552	605.498468	605.507077	511.634661	511.61709	
3.415871	605.513342	605.524531	511.649535	511.625817	
3.426004	605.54906	605.559437	511.685253	511.651997	
3.446973	605.626309	605.594344	511.762501	511.713083	
3.4513	605.642111	605.637977	511.778304	511.730537	
3.461521	605.680335	605.672884	511.816528	511.756717	
3.471674	605.718895	605.70779	511.855088	511.782897	
3.481835	605.758104	605.73397	511.894297	511.817803	
3.491928	605.797668	605.768877	511.933861	511.85271	
3.502039	605.837921	605.803783	511.974114	511.887616	
3.512208	605.879023	605.83869	512.015216	511.93125	
3.522378	605.920749	605.882323	512.056942	511.974883	
3.532467	605.962743	605.91723	512.098936	512.009789	
3.542634	606.005692	605.960863	512.141885	512.062149	
3.554455	606.056557	605.99577	512.19275	512.105782	
3.562935	606.093361	606.039403	512.229554	512.149416	
3.573016	606.13776	606.083036	512.273953	512.201776	
3.583183	606.183206	606.126669	512.319399	512.254135	
3.593363	606.22931	606.170303	512.365503	512.306495	
3.604991	606.282885	606.222662	512.419078	512.358855	
3.613567	606.322657	606.266296	512.45885	512.411215	
3.623714	606.370453	606.318655	512.506646	512.463575	
3.633835	606.41875	606.371015	512.554943	512.515935	
3.643979	606.467765	606.432102	512.603958	512.577021	
3.654413	606.518858	606.484462	512.655051	512.629381	
3.664262	606.567648	606.536822	512.703841	512.681741	
3.674433	606.618653	606.597908	512.754846	512.734101	
3.684735	606.67096	606.658995	512.807153	512.795188	
3.694639	606.721813	606.711355	512.858006	512.847547	
3.704793	606.774603	606.781168	512.910796	512.908634	
3.714902	606.827733	606.842254	512.963926	512.96972	
3.725051	606.88172	606.903341	513.017912	513.02208	
3.735176	606.936182	606.964427	513.072375	513.07444	
3.74528	606.991171	607.025514	513.127363	513.135527	
3.755722	607.048635	607.0866	513.184828	513.196613	
3.765748	607.104458	607.147687	513.240651	513.2577	
3.77574	607.160587	607.200047	513.29678	513.318786	
3.78585	607.218059	607.26986	513.354252	513.371146	
3.795916	607.275853	607.32222	513.412046	513.432233	
3.806101	607.334992	607.383306	513.471184	513.493319	
3.816199	607.394211	607.444393	513.530403	513.554406	
3.826348	607.45436	607.505479	513.590553	513.615492	
3.836454	607.514872	607.557839	513.651065	513.676579	
3.854454	607.62503	607.662559	513.761223	513.790025	
3.858807	607.651576	607.688739	513.787769	513.807478	
3.877147	607.766369	607.749825	513.902562	513.920925	
3.88153	607.793683	607.819639	513.929876	513.947105	
3.891752	607.85826	607.880725	513.994453	514.016918	
3.901767	607.922156	607.941812	514.058349	514.078005	
3.911949	607.987732	608.002898	514.123925	514.139091	
3.922027	608.053237	608.072711	514.18943	514.208904	
3.932189	608.119911	608.133798	514.256104	514.269991	
3.942323	608.187029	608.194884	514.323222	514.339804	
3.952406	608.254405	608.264698	514.390598	514.40089	
3.962825	608.324743	608.325784	514.460936	514.470704	
3.972769	608.392366	608.386871	514.528559	514.540517	
3.982882	608.461786	608.456684	514.597978	514.61033	
3.993208	608.533348	608.526497	514.669541	514.680143	
4.003226	608.603349	608.59631	514.739542	514.749956	
4.013402	608.675066	608.666123	514.811259	514.819769	
4.023516	608.746958	608.735937	514.883151	514.889583	
4.033702	608.820015	608.814476	514.956208	514.959396	
4.043847	608.893365	608.884289	515.029558	515.029209	
4.05422	608.969068	608.962829	515.105261	515.107749	
4.065289	609.050607	609.032642	515.1868	515.186289	
4.074314	609.117432	609.102456	515.253625	515.247375	
4.084337	609.192331	609.180995	515.328524	515.325915	
4.094472	609.268724	609.259535	515.404917	515.395728	
4.104593	609.345604	609.329348	515.481796	515.474268	
4.114729	609.423214	609.407888	515.559407	515.552808	
4.12485	609.5013	609.486428	515.637493	515.622621	
4.134965	609.579977	609.556241	515.71617	515.701161	
4.145177	609.660076	609.643508	515.796269	515.779701	
4.155671	609.743017	609.713321	515.87921	515.866967	
4.166545	609.829723	609.800587	515.965916	515.954233	
4.175535	609.901767	609.879127	516.03796	516.024047	
4.185641	609.983414	609.957667	516.119607	516.102586	
4.196235	610.069784	610.044933	516.205977	516.181126	
4.205891	610.148929	610.123473	516.285122	516.268393	
4.216079	610.233176	610.202013	516.369369	516.355659	
4.226228	610.317651	610.28928	516.453844	516.434199	
4.236307	610.402184	610.376546	516.538376	516.512739	
4.246394	610.487369	610.455086	516.623562	516.600005	
4.256584	610.574076	610.542352	516.710268	516.687272	
4.267899	610.671195	610.638345	516.807388	516.783265	
4.277205	610.751456	610.716885	516.887649	516.861805	
4.287322	610.839415	610.804152	516.975607	516.949071	
4.297486	610.928394	610.891418	517.064587	517.036338	
4.307629	611.017762	610.987411	517.153955	517.132331	
4.31775	611.107595	611.074678	517.243788	517.219597	
4.327909	611.198367	611.161944	517.33456	517.31559	
4.338037	611.289486	611.257937	517.425678	517.402857	
4.348169	611.381256	611.35393	517.517449	517.49885	
4.358259	611.473247	611.441197	517.60944	517.594843	
4.369736	611.578796	611.53719	517.714989	517.699563	
4.378661	611.661208	611.633183	517.7974	517.786829	
4.388713	611.754669	611.729176	517.890861	517.882822	
4.39901	611.851127	611.825169	517.98732	517.978815	
4.409012	611.94533	611.929889	518.081523	518.074809	
4.419111	612.04109	612.025882	518.177283	518.170802	
4.429296	612.13831	612.121875	518.274502	518.275521	
4.439383	612.235182	612.226595	518.371375	518.371514	
4.449564	612.333592	612.322588	518.469785	518.467508	
4.459685	612.432044	612.427308	518.568237	518.563501	
4.470917	612.542157	612.523301	518.67835	518.676947	
4.480155	612.633082	612.628021	518.769275	518.764214	
4.490124	612.731823	612.724014	518.868015	518.860207	
4.500249	612.832769	612.828734	518.968961	518.9562	
4.510377	612.93435	612.924727	519.070543	519.06092	
4.520511	613.036638	613.029446	519.172831	519.165639	
4.530691	613.139994	613.134166	519.276186	519.261632	
4.540768	613.242889	613.238886	519.379082	519.357626	
4.551602	613.354296	613.343606	519.490488	519.462345	
4.561717	613.458903	613.448325	519.595096	519.567065	
4.572167	613.567609	613.553045	519.703802	519.671785	
4.582235	613.672938	613.657765	519.809131	519.776505	
4.592124	613.776933	613.762485	519.913126	519.872498	
4.602322	613.884834	613.867205	520.021027	519.985944	
4.612435	613.99251	613.971924	520.128703	520.090664	
4.622564	614.101394	614.076644	520.237587	520.195384	
4.63271	614.210106	614.19009	520.346299	520.30883	
4.642821	614.319572	614.29481	520.455765	520.422276	
4.652971	614.430102	614.408257	520.566294	520.535723	
4.663082	614.540775	614.521703	520.676968	520.649169	
4.673465	614.655181	614.635149	520.791374	520.762616	
4.683452	614.765625	614.739869	520.901818	520.876062	
4.693485	614.877284	614.862042	521.013477	520.998235	
4.703629	614.990776	614.975489	521.126969	521.111681	
4.714203	615.10982	615.088935	521.246013	521.233854	
4.72399	615.220537	615.211108	521.35673	521.356028	
4.733989	615.334246	615.324554	521.470439	521.469474	
4.744125	615.450087	615.446727	521.58628	521.591647	
4.754346	615.567634	615.568901	521.703827	521.71382	
4.764479	615.684748	615.682347	521.820941	521.835993	
4.77477	615.804305	615.80452	521.940498	521.958166	
4.784672	615.919837	615.926693	522.05603	522.080339	
4.794863	616.039517	616.048866	522.17571	522.202512	
4.80494	616.158334	616.171039	522.294527	522.324685	
4.823411	616.378839	616.293212	522.515032	522.551578	
4.827815	616.431279	616.450292	522.567472	522.603938	
4.837913	616.552425	616.572465	522.688618	522.717384	
4.848049	616.674057	616.694638	522.81025	522.830831	
4.85815	616.795257	616.816811	522.93145	522.96173	
4.868313	616.917213	616.938984	523.053406	523.075177	
4.878518	617.039721	617.061157	523.175914	523.19735	
4.888653	617.161341	617.18333	523.297534	523.310796	
4.898773	617.282733	617.305503	523.418926	523.432969	
4.908902	617.404281	617.427676	523.540474	523.546416	
4.919023	617.525733	617.549849	523.661926	523.668589	
4.9292	617.647869	617.663296	523.784062	523.790762	
4.939378	617.770017	617.785469	523.90621	523.904208	
4.949452	617.890869	617.907642	524.027062	524.026381	
4.959582	618.012441	618.021088	524.148634	524.148554	
4.969694	618.133773	618.143261	524.269966	524.262001	
4.979986	618.257313	618.265434	524.393506	524.384174	
4.990108	618.378765	618.378881	524.514958	524.506347	
5.000237	618.500289	618.501054	524.636482	524.62852	
5.010443	618.622749	618.6145	524.758942	524.750693	
5.020482	618.743229	618.736673	524.879422	524.872866	
5.030647	618.865257	618.858846	525.00145	524.995039	
5.04079	618.986925	618.981019	525.123118	525.117212	
5.050924	619.108533	619.103192	525.244726	525.239385	
5.061048	619.230021	619.225365	525.366214	525.361558	
5.071147	619.351221	619.347538	525.487414	525.483731	
5.081387	619.474149	619.469711	525.610342	525.605904	
5.091556	619.596141	619.591884	525.732334	525.728077	
5.101653	619.717293	619.714058	525.853486	525.85025	
5.111778	619.839165	619.836231	525.975358	525.972423	
5.121901	619.960281	619.96713	526.096474	526.094596	
5.132075	620.082345	620.089303	526.218538	526.216769	
5.142179	620.203605	620.220203	526.339798	526.338943	
5.152311	620.325165	620.342376	526.461358	526.461116	
5.162503	620.447493	620.464549	526.583686	526.583289	
5.172533	620.567877	620.586722	526.70407	526.714188	
5.182776	620.690829	620.708895	526.827022	526.836361	
5.19298	620.813241	620.839795	526.949434	526.958534	
5.203054	620.934117	620.953241	527.07031	527.089434	
5.213165	621.055437	621.075414	527.19163	527.211607	
5.223292	621.177021	621.197587	527.313214	527.33378	
5.233451	621.298869	621.31976	527.435062	527.455953	
5.243563	621.420201	621.441933	527.556394	527.578126	
5.25363	621.541017	621.564107	527.67721	527.700299	
5.263794	621.663369	621.68628	527.799562	527.822472	
5.274405	621.790401	621.808453	527.926594	527.944645	
5.284288	621.908973	621.930626	528.045166	528.075545	
5.294435	622.030701	622.044072	528.166894	528.197718	
5.304537	622.151913	622.166245	528.288106	528.311165	
5.314676	622.273593	622.288418	528.409786	528.442064	
5.324817	622.395285	622.410591	528.531478	528.555511	
5.334943	622.516773	622.524038	528.652966	528.677684	
5.345141	622.639173	622.646211	528.775366	528.799857	
5.355233	622.760265	622.768384	528.896458	528.92203	
5.365302	622.881093	622.890557	529.017286	529.044203	
5.375705	623.005941	623.004003	529.142134	529.166376	
5.385634	623.125101	623.126176	529.261294	529.288549	
5.395824	623.247345	623.257076	529.383538	529.401995	
5.405887	623.368101	623.370522	529.504294	529.515442	
5.415995	623.489397	623.492695	529.62559	529.637615	
5.426132	623.611077	623.614868	529.74727	529.759788	
5.447332	623.865513	623.737041	530.001706	530.012861	
5.451711	623.917977	623.920301	530.05417	530.06522	
5.461824	624.039345	624.042474	530.175538	530.187394	
5.471925	624.160917	624.164647	530.29711	530.30084	
5.483346	624.297669	624.295547	530.433862	530.440466	
5.492271	624.404745	624.41772	530.540938	530.545186	
5.502379	624.526017	624.539893	530.66221	530.658632	
5.512509	624.647553	624.662066	530.783746	530.772079	
5.522944	624.773973	624.784239	530.910166	530.894252	
5.532804	624.891105	624.906412	531.027298	531.016425	
5.542911	625.012389	625.028585	531.148582	531.129871	
5.553306	625.137201	625.150758	531.273394	531.252044	
5.563386	625.258101	625.264205	531.394294	531.374217	
5.573497	625.379445	625.386378	531.515638	531.487664	
5.584652	625.513365	625.508551	531.649558	531.618564	
5.593845	625.623657	625.621997	531.75985	531.73201	
5.604329	625.749477	625.74417	531.88567	531.845456	
5.61407	625.866345	625.866343	532.002538	531.967629	
5.624447	625.990881	625.97979	532.127074	532.081076	
5.634432	626.110641	626.101963	532.246834	532.211975	
5.644483	626.231277	626.224136	532.36747	532.325422	
5.654614	626.352801	626.337582	532.488994	532.447595	
5.664719	626.474085	626.459755	532.610278	532.569768	
5.674854	626.595741	626.573201	532.731934	532.691941	
5.686061	626.730261	626.695375	532.866454	532.831567	
5.703052	626.934153	626.817548	533.070346	533.049733	
5.707508	626.987577	626.974627	533.12377	533.102093	
5.717563	627.108189	627.0968	533.244382	533.232993	
5.727665	627.229425	627.218973	533.365618	533.363893	
5.737886	627.352101	627.349873	533.488294	533.494792	
5.748064	627.474261	627.480773	533.610454	533.616966	
5.758149	627.595257	627.602946	533.73145	533.747865	
5.768274	627.716745	627.733845	533.852938	533.878765	
5.778498	627.839445	627.864745	533.975638	534.009665	
5.788626	627.960993	627.986918	534.097186	534.140564	
5.798757	628.082541	628.117818	534.218734	534.271464	
5.808872	628.203909	628.248718	534.340102	534.402364	
5.819023	628.325733	628.370891	534.461926	534.524537	
5.829138	628.447173	628.493064	534.583366	534.64671	
5.839307	628.569129	628.623963	534.705322	534.777609	
5.849448	628.690845	628.754863	534.827038	534.891056	
5.859577	628.812381	628.877036	534.948574	535.013229	
5.869697	628.933809	628.999209	535.070002	535.135402	
5.879799	629.055045	629.121382	535.191238	535.257575	
5.890045	629.178045	629.234829	535.314238	535.371021	
5.900175	629.299581	629.357002	535.435774	535.493194	
5.910281	629.420829	629.470448	535.557022	535.606641	
5.920381	629.542017	629.583894	535.67821	535.720087	
5.930569	629.664285	629.697341	535.800478	535.833534	
5.940702	629.785893	629.819514	535.922086	535.955707	
5.950809	629.907141	629.924234	536.043334	536.060426	
5.960957	630.028941	630.046407	536.165134	536.173873	
5.971096	630.150609	630.151126	536.286802	536.287319	
5.981194	630.271797	630.273299	536.40799	536.409492	
5.991428	630.394617	630.378019	536.53081	536.522939	
6.001562	630.516213	630.500192	536.652406	536.636385	
6.011704	630.637881	630.613639	536.774074	536.758558	
6.021844	630.759645	630.727085	536.895838	536.872005	
6.031956	630.880917	630.849258	537.01711	536.985451	
6.042139	631.003113	630.962705	537.139306	537.107624	
6.052247	631.124433	631.084878	537.260626	537.229797	
6.062367	631.245861	631.207051	537.382054	537.343243	
6.072688	631.369737	631.329224	537.50593	537.45669	
6.082972	631.494009	631.451397	537.630202	537.578863	
6.092819	631.611285	631.57357	537.747478	537.701036	
6.102928	631.732569	631.695743	537.868762	537.823209	
6.11312	631.854921	631.817916	537.991114	537.945382	
6.123207	631.975917	631.940089	538.11211	538.067555	
6.133287	632.096925	632.070989	538.233118	538.189728	
6.143624	632.221005	632.193162	538.357198	538.311901	
6.153613	632.340801	632.315335	538.476994	538.434074	
6.163786	632.462889	632.437508	538.599082	538.556247	
6.173816	632.583249	632.568407	538.719442	538.67842	
6.184242	632.708397	632.69058	538.84459	538.800593	
6.194177	632.827629	632.82148	538.963822	538.922766	
6.20431	632.949189	632.943653	539.085382	539.044939	
6.214424	633.070533	633.065826	539.206726	539.167113	
6.22452	633.191721	633.187999	539.327914	539.289286	
6.234713	633.314061	633.310172	539.450254	539.411459	
6.244811	633.435225	633.432345	539.571418	539.542358	
6.254914	633.556437	633.554518	539.69263	539.673258	
6.265165	633.679449	633.685418	539.815642	539.795431	
6.275397	633.802269	633.807591	539.938462	539.926331	
6.285731	633.926265	633.929764	540.062458	540.05723	
6.295669	634.045509	634.051937	540.181702	540.179403	
6.305831	634.167453	634.17411	540.303646	540.310303	
6.315995	634.289397	634.296283	540.42559	540.432476	
6.32602	634.409709	634.427183	540.545902	540.563376	
6.336191	634.531761	634.549356	540.667954	540.694276	
6.346322	634.653369	634.671529	540.789562	540.825175	
6.356432	634.774629	634.793702	540.910822	540.947348	
6.366614	634.896813	634.915875	541.033006	541.078248	
6.37666	635.017401	635.046775	541.153594	541.209148	
6.387137	635.143113	635.168948	541.279306	541.331321	
6.397266	635.264697	635.299848	541.40089	541.46222	
6.407409	635.386401	635.422021	541.522594	541.584394	
6.417503	635.507517	635.544194	541.64371	541.706567	
6.427606	635.628729	635.666367	541.764922	541.82874	
6.437798	635.751045	635.78854	541.887238	541.950913	
6.448131	635.875041	635.910713	542.011234	542.064359	
6.458065	635.994237	636.024159	542.13043	542.186532	
6.468195	636.115809	636.146332	542.252002	542.299979	
6.478284	636.236865	636.259779	542.373058	542.413425	
6.488466	636.359073	636.381952	542.495266	542.535598	
6.49869	636.481785	636.504125	542.617978	542.649044	
6.508785	636.602913	636.617571	542.739106	542.762491	
6.518896	636.724221	636.731018	542.860414	542.884664	
6.529012	636.845613	636.853191	542.981806	542.99811	
6.53918	636.967629	636.966637	543.103822	543.111557	
6.549971	637.097229	637.080084	543.233422	543.225003	
6.560461	637.223049	637.19353	543.359242	543.338449	
6.569521	637.331697	637.306976	543.46789	543.451896	
6.579626	637.452981	637.429149	543.589174	543.565342	
6.589804	637.575141	637.542596	543.711334	543.670062	
6.600023	637.697769	637.664769	543.833962	543.792235	
6.610147	637.819245	637.778215	543.955438	543.905681	
6.620239	637.940301	637.900388	544.076494	544.019128	
6.630364	638.061813	638.022561	544.198006	544.141301	
6.640476	638.183169	638.136008	544.319362	544.263474	
6.65081	638.307225	638.258181	544.443418	544.385647	
6.660798	638.427069	638.380354	544.563262	544.499093	
6.670866	638.547849	638.502527	544.684042	544.621266	
6.681035	638.669877	638.633427	544.80607	544.752166	
6.691141	638.791149	638.7556	544.927342	544.874339	
6.701365	638.913885	638.877773	545.050078	544.996512	
6.711512	639.035613	639.008672	545.171806	545.127412	
6.721639	639.157101	639.139572	545.293294	545.258312	
6.731826	639.279381	639.261745	545.415574	545.380485	
6.741869	639.399873	639.392645	545.536066	545.511384	
6.752113	639.522825	639.523545	545.659018	545.642284	
6.762231	639.644241	639.645718	545.780434	545.764457	
6.772342	639.765585	639.767891	545.901778	545.895357	
6.782471	639.887133	639.89879	546.023326	546.026256	
6.792551	640.008081	640.02969	546.144274	546.14843	
6.802845	640.131633	640.151863	546.267826	546.279329	
6.812947	640.252869	640.274036	546.389062	546.410229	
6.823043	640.373973	640.404936	546.510166	546.541129	
6.833138	640.495137	640.527109	546.63133	546.672028	
6.843272	640.616781	640.649282	546.752974	546.794201	
6.853432	640.738641	640.771455	546.874834	546.916374	
6.863581	640.860453	640.902355	546.996646	547.038547	
6.873682	640.981665	641.015801	547.117858	547.169447	
6.883832	641.103477	641.137974	547.23967	547.29162	
6.894258	641.228577	641.268874	547.36477	547.413793	
6.904169	641.347521	641.38232	547.483714	547.535966	
6.91427	641.468697	641.504493	547.60489	547.658139	
6.92437	641.589885	641.626666	547.726078	547.780312	
6.934498	641.711421	641.740113	547.847614	547.893759	
6.944626	641.833005	641.862286	547.969198	548.015932	
6.954801	641.955069	641.984459	548.091262	548.138105	
6.964906	642.076329	642.097905	548.212522	548.251551	
6.975076	642.198369	642.220078	548.334562	548.364998	
6.985195	642.319797	642.333525	548.45599	548.487171	
6.995672	642.445557	642.455698	548.58175	548.609344	
7.005712	642.565205	642.577871	548.701397	548.72279	
7.015583	642.682097	642.691317	548.81829	548.836237	
7.025697	642.801345	642.81349	548.937538	548.95841	
7.035789	642.919679	642.935663	549.055872	549.080583	
7.045966	643.038517	643.04911	549.17471	549.194029	
7.056074	643.155814	643.171283	549.292007	549.316202	
7.066255	643.273383	643.293456	549.409576	549.429649	
7.076347	643.38933	643.406902	549.525523	549.543095	
7.086504	643.505372	643.529075	549.641565	549.656541	
7.10531	643.717748	643.747241	549.853941	549.865981	
7.109743	643.767842	643.799601	549.904035	549.918341	
7.119842	643.881168	643.904321	550.017361	550.031787	
7.129982	643.994439	644.026494	550.130632	550.145234	
7.140137	644.107217	644.131214	550.24341	550.249953	
7.150291	644.219358	644.24466	550.355551	550.3634	
7.160418	644.330633	644.358107	550.466826	550.468119	
7.170599	644.441881	644.471553	550.578073	550.581566	
7.180702	644.551615	644.576273	550.687808	550.686286	
7.190779	644.660483	644.689719	550.796676	550.791005	
7.201332	644.773943	644.794439	550.910136	550.895725	
7.211178	644.87908	644.899159	551.015273	551.000445	
7.221256	644.986095	645.003878	551.122288	551.105165	
7.231385	645.09309	645.108598	551.229283	551.209884	
7.241518	645.199494	645.204591	551.335687	551.314604	
7.251623	645.305026	645.309311	551.441219	551.428051	
7.261779	645.410433	645.414031	551.546626	551.541497	
7.271941	645.515306	645.51875	551.651499	551.646217	
7.282041	645.618954	645.62347	551.755146	551.759663	
7.292212	645.72269	645.72819	551.858882	551.873109	
7.302553	645.827577	645.824183	551.96377	551.986556	
7.312552	645.92832	645.928903	552.064513	552.100002	
7.322718	646.030116	646.033623	552.166309	552.204722	
7.332762	646.130112	646.138342	552.266305	552.318168	
7.343021	646.232439	646.243062	552.368631	552.422888	
7.353028	646.330093	646.347782	552.466286	552.527608	
7.363146	646.428991	646.452502	552.565184	552.632328	
7.375315	646.547051	646.574675	552.683244	552.754501	
7.385502	646.645264	646.679394	552.781457	552.850494	
7.395854	646.744444	646.784114	552.880636	552.955214	
7.406704	646.847724	646.888834	552.983917	553.059933	
7.415804	646.933794	646.993554	553.069987	553.155926	
7.425943	647.029131	647.089547	553.165324	553.25192	
7.446603	647.220214	647.18554	553.356407	553.435179	
7.450978	647.260715	647.333893	553.396908	553.478812	
7.461119	647.353973	647.429886	553.490166	553.566079	
7.471209	647.446129	647.525879	553.582322	553.662072	
7.481437	647.538874	647.621872	553.675067	553.740612	
7.491515	647.62972	647.709139	553.765913	553.827878	
7.501615	647.720095	647.796405	553.856288	553.915145	
7.511836	647.810989	647.883672	553.947181	554.002411	
7.521955	647.900343	647.970938	554.036536	554.080951	
7.532489	647.992705	648.049478	554.128898	554.159491	
7.54226	648.077807	648.128018	554.214	554.238031	
7.553101	648.171555	648.215284	554.307748	554.31657	
7.564025	648.265247	648.285097	554.40144	554.403837	
7.572695	648.339158	648.372364	554.475351	554.47365	
7.582769	648.424512	648.442177	554.560705	554.543463	
7.592925	648.509869	648.520717	554.646062	554.622003	
7.603339	648.596826	648.599257	554.733019	554.700543	
7.613247	648.678916	648.66907	554.815109	554.779083	
7.623405	648.762482	648.74761	554.898675	554.857623	
7.633548	648.845281	648.826149	554.981474	554.936162	
7.643625	648.92698	648.895963	555.063173	555.014702	
7.654229	649.012282	648.974502	555.148475	555.101969	
7.663886	649.089393	649.053042	555.225585	555.180508	
7.674006	649.169611	649.122855	555.305804	555.267775	
7.684226	649.249974	649.210122	555.386167	555.346315	
7.694294	649.328584	649.288662	555.464776	555.433581	
7.704459	649.407317	649.367201	555.54351	555.512121	
7.714707	649.486052	649.445741	555.622245	555.599387	
7.724756	649.562664	649.524281	555.698857	555.677927	
7.734861	649.63911	649.602821	555.775303	555.756467	
7.74499	649.715135	649.681361	555.851328	555.835007	
7.763485	649.851427	649.768627	555.98762	555.98336	
7.767848	649.883613	649.86462	556.019806	556.018266	
7.778007	649.957885	649.951887	556.094078	556.096806	
7.788234	650.031995	650.030427	556.168188	556.175346	
7.798289	650.104264	650.117693	556.240457	556.253886	
7.808793	650.179162	650.196233	556.315355	556.323699	
7.818727	650.249311	650.274773	556.385504	556.402239	
7.828765	650.319637	650.353313	556.45583	556.480779	
7.838908	650.390106	650.431852	556.526299	556.550592	
7.849008	650.459673	650.510392	556.595866	556.620405	
7.859191	650.529194	650.588932	556.665387	556.690218	
7.869297	650.597586	650.658745	556.733779	556.760031	
7.879444	650.665625	650.728558	556.801817	556.838571	
7.889615	650.733217	650.798371	556.86941	556.908384	
7.899709	650.799709	650.868185	556.935902	556.969471	
7.910042	650.8672	650.937998	557.003393	557.039284	
7.920052	650.932094	651.007811	557.068287	557.100371	
7.930127	650.996398	651.068898	557.132591	557.161457	
7.940382	651.061501	651.129984	557.197694	557.23127	
7.95046	651.124822	651.191071	557.261015	557.292357	
7.960637	651.188199	651.252157	557.324392	557.353443	
7.970816	651.250957	651.313244	557.38715	557.41453	
7.980893	651.312458	651.365603	557.448651	557.46689	
7.991028	651.373746	651.42669	557.509939	557.527976	
8.001136	651.43425	651.47905	557.570443	557.580336	
8.012467	651.501316	651.53141	557.637509	557.632696	
8.029592	651.600589	651.618676	557.736782	557.737416	
8.03398	651.62605	651.644856	557.762243	557.763596	
8.04414	651.684282	651.697216	557.820475	557.815956	
8.05446	651.742825	651.749576	557.879018	557.877042	
8.064351	651.798331	651.801936	557.934523	557.929402	
8.074483	651.854593	651.845569	557.990786	557.981762	
8.084597	651.910152	651.897929	558.046345	558.042848	
8.094747	651.9653	651.950289	558.101493	558.103935	
8.104863	652.019676	652.002649	558.155869	558.156295	
8.115309	652.075177	652.055009	558.21137	558.217381	
8.125237	652.127303	652.107368	558.263496	558.269741	
8.135283	652.179488	652.159728	558.315681	558.322101	
8.145429	652.231582	652.203362	558.367775	558.374461	
8.15581	652.284251	652.255721	558.420444	558.435547	
8.165632	652.333518	652.308081	558.46971	558.487907	
8.175784	652.383832	652.360441	558.520025	558.540267	
8.185922	652.433463	652.412801	558.569656	558.592627	
8.196073	652.482566	652.473888	558.618759	558.644987	
8.20619	652.530898	652.526247	558.66709	558.697347	
8.216611	652.580043	652.578607	558.716236	558.749707	
8.226586	652.626495	652.630967	558.762687	558.802067	
8.244411	652.707215	652.718234	558.843407	558.889333	
8.248743	652.726889	652.744414	558.863082	558.915513	
8.258875	652.772159	652.796773	558.908352	558.967873	
8.269072	652.817104	652.849133	558.953296	559.011506	
8.27916	652.860965	652.892767	558.997158	559.055139	
8.289326	652.904557	652.945126	559.04075	559.098773	
8.299486	652.947531	652.997486	559.083724	559.142406	
8.309539	652.989447	653.04112	559.12564	559.186039	
8.319767	653.031499	653.084753	559.167692	559.220946	
8.329938	653.072685	653.137113	559.208878	559.264579	
8.340092	653.113211	653.172019	559.249404	559.299485	
8.350171	653.152842	653.215652	559.289035	559.343119	
8.360302	653.192076	653.259286	559.328268	559.378025	
8.370457	653.230806	653.294192	559.366999	559.412932	
8.38058	653.268814	653.329099	559.405007	559.456565	
8.39071	653.306241	653.372732	559.442434	559.491472	
8.400885	653.343247	653.407639	559.479439	559.517652	
8.410992	653.379404	653.442545	559.515597	559.552558	
8.421161	653.415175	653.477452	559.551368	559.587465	
8.431339	653.450374	653.503632	559.586567	559.622371	
8.441484	653.484857	653.538538	559.62105	559.648551	
8.451587	653.518602	653.564718	559.654794	559.683458	
8.461694	653.551772	653.590898	559.687965	559.709638	
8.471873	653.58458	653.625805	559.720773	559.735818	
8.482014	653.616658	653.651985	559.752851	559.761998	
8.492207	653.648305	653.678165	559.784497	559.788178	
8.502315	653.679094	653.695618	559.815287	559.814358	
8.512438	653.709332	653.730525	559.845525	559.840538	
8.522774	653.739596	653.747978	559.875789	559.866717	
8.532896	653.768635	653.774158	559.904828	559.884171	
8.543005	653.797044	653.791611	559.933237	559.910351	
8.55389	653.826941	653.817791	559.963134	559.927804	
8.564836	653.856291	653.835244	559.992483	559.953984	
8.573334	653.878714	653.852698	560.014907	559.971437	
8.583469	653.904835	653.870151	560.041028	559.997617	
8.593707	653.93061	653.896331	560.066803	560.01507	
8.603783	653.955408	653.913784	560.091601	560.04125	
8.614226	653.980467	653.931237	560.11666	560.058704	
8.624081	654.003573	653.948691	560.139766	560.084884	
8.634228	654.026765	653.966144	560.162958	560.111064	
8.644355	654.049321	653.992324	560.185514	560.128517	
8.654482	654.071291	654.009777	560.207484	560.154697	
8.664597	654.092667	654.027231	560.228859	560.17215	
8.674804	654.113626	654.044684	560.249819	560.19833	
8.684858	654.133697	654.062137	560.26989	560.215783	
8.694986	654.153343	654.088317	560.289535	560.241963	
8.705198	654.172558	654.10577	560.30875	560.268143	
8.715678	654.191647	654.13195	560.32784	560.285596	
8.725459	654.20894	654.149404	560.345133	560.311776	
8.735589	654.226255	654.166857	560.362447	560.32923	
8.745709	654.24299	654.193037	560.379183	560.346683	
8.755802	654.259098	654.219217	560.39529	560.372863	
8.765977	654.274764	654.23667	560.410956	560.390316	
8.776102	654.289781	654.254123	560.425974	560.40777	
8.786216	654.304209	654.280303	560.440401	560.425223	
8.796362	654.318112	654.297757	560.454305	560.442676	
8.80656	654.331516	654.323937	560.467709	560.451403	
8.82493	654.353381	654.350117	560.489574	560.477583	
8.829303	654.358643	654.358843	560.494836	560.477583	
8.839484	654.370191	654.376296	560.506384	560.495036	
8.849652	654.381165	654.39375	560.517357	560.503763	
8.859719	654.391481	654.402476	560.527673	560.512489	
8.869887	654.40135	654.411203	560.537543	560.529943	
8.880012	654.410635	654.428656	560.546828	560.529943	
8.890162	654.4194	654.428656	560.555593	560.547396	
8.900368	654.427661	654.44611	560.563853	560.547396	
8.910452	654.435301	654.44611	560.571494	560.556123	
8.920588	654.442452	654.454836	560.578645	560.564849	
8.931099	654.449298	654.463563	560.58549	560.564849	
8.940893	654.455205	654.463563	560.591398	560.573576	
8.951013	654.460798	654.463563	560.596991	560.582302	
8.961118	654.465886	654.463563	560.602079	560.582302	
8.971295	654.470513	654.463563	560.606706	560.582302	
8.981405	654.474631	654.463563	560.610824	560.582302	
8.991543	654.478293	654.463563	560.614486	560.582302	
9.001715	654.481508	654.463563	560.617701	560.582302	
9.011811	654.484269	654.463563	560.620461	560.582302	
9.021958	654.486625	654.463563	560.622818	560.582302	
9.032168	654.488601	654.463563	560.624794	560.582302	
9.042264	654.490186	654.463563	560.626379	560.582302	
9.052408	654.494786	654.463563	560.630979	560.582302	
9.062535	654.494786	654.463563	560.630979	560.582302	
9.072934	654.494786	654.463563	560.630979	560.582302	
9.082902	654.494786	654.463563	560.630979	560.582302	
9.092936	654.494786	654.463563	560.630979	560.582302	
9.103077	654.494786	654.463563	560.630979	560.582302	
9.113262	654.494786	654.463563	560.630979	560.582302	
9.12332	654.494786	654.463563	560.630979	560.582302	
9.133537	654.494786	654.463563	560.630979	560.582302	
9.143656	654.494786	654.463563	560.630979	560.582302	
9.153785	654.494786	654.463563	560.630979	560.582302	
9.163892	654.494786	654.463563	560.630979	560.582302	
9.174289	654.494786	654.463563	560.630979	560.582302	
9.184156	654.494786	654.463563	560.630979	560.582302	
9.194289	654.494786	654.463563	560.630979	560.582302	
9.204617	654.494786	654.463563	560.630979	560.582302	
9.214727	654.494786	654.463563	560.630979	560.582302	
9.225754	654.494786	654.463563	560.630979	560.582302	
9.235145	654.494786	654.463563	560.630979	560.582302	
9.245221	654.494786	654.463563	560.630979	560.582302	
9.255285	654.494786	654.463563	560.630979	560.582302	
9.26542	654.494786	654.463563	560.630979	560.582302	
9.276033	654.494786	654.463563	560.630979	560.582302	
9.285669	654.494786	654.463563	560.630979	560.582302	
9.295787	654.494786	654.463563	560.630979	560.582302	
9.305925	654.494786	654.463563	560.630979	560.582302	
9.31603	654.494786	654.463563	560.630979	560.582302	
9.326956	654.494786	654.463563	560.630979	560.582302	
9.336371	654.494786	654.463563	560.630979	560.582302	
9.346555	654.494786	654.463563	560.630979	560.582302	
9.364439	654.494786	654.463563	560.630979	560.582302	
9.368751	654.494786	654.463563	560.630979	560.582302	
9.378983	654.494786	654.463563	560.630979	560.582302	
9.389058	654.494786	654.463563	560.630979	560.582302	
9.39921	654.494786	654.463563	560.630979	560.582302	
9.409379	654.494786	654.463563	560.630979	560.582302	
9.419488	654.494786	654.463563	560.630979	560.582302	
9.430744	654.494786	654.463563	560.630979	560.582302	
9.450023	654.494786	654.463563	560.630979	560.591029	
9.454709	654.494786	654.463563	560.630979	560.591029	
9.46465	654.494786	654.463563	560.630979	560.591029	
9.474804	654.494786	654.463563	560.630979	560.599756	
9.484869	654.494786	654.463563	560.630979	560.599756	
9.494987	654.494786	654.463563	560.630979	560.608482	
9.512975	654.494786	654.463563	560.630979	560.617209	
9.517307	654.494786	654.463563	560.630979	560.617209	
9.527495	654.494786	654.463563	560.630979	560.625936	
9.538237	654.494786	654.463563	560.630979	560.625936	
9.548067	654.494786	654.463563	560.630979	560.625936	
9.558281	654.494786	654.463563	560.630979	560.617209	
9.57764	654.494786	654.463563	560.630979	560.617209	
9.581992	654.494786	654.463563	560.630979	560.617209	
9.592145	654.494786	654.463563	560.630979	560.617209	
9.602314	654.494786	654.463563	560.630979	560.617209	
9.612498	654.494786	654.463563	560.630979	560.617209	
9.62297	654.494786	654.463563	560.630979	560.617209	
9.633676	654.494786	654.463563	560.630979	560.617209	
9.643259	654.494786	654.463563	560.630979	560.617209	
9.653165	654.494786	654.463563	560.630979	560.617209	
9.66316	654.494786	654.463563	560.630979	560.617209	
9.673242	654.494786	654.463563	560.630979	560.617209	
9.683424	654.494786	654.463563	560.630979	560.617209	
9.693541	654.494786	654.463563	560.630979	560.617209	
9.703715	654.494786	654.463563	560.630979	560.617209	
9.713796	654.494786	654.463563	560.630979	560.617209	
9.724223	654.494786	654.463563	560.630979	560.617209	
9.734985	654.494786	654.463563	560.630979	560.617209	
9.744203	654.494786	654.463563	560.630979	560.617209	
9.75435	654.494786	654.463563	560.630979	560.617209	
9.764477	654.494786	654.463563	560.630979	560.617209	
9.774617	654.494786	654.463563	560.630979	560.617209	
9.78477	654.494786	654.463563	560.630979	560.617209	
9.794952	654.494786	654.463563	560.630979	560.617209	
9.805087	654.494786	654.463563	560.630979	560.617209	
9.81518	654.494786	654.463563	560.630979	560.617209	
9.825676	654.494786	654.463563	560.630979	560.617209	
9.836531	654.494786	654.463563	560.630979	560.617209	
9.845583	654.494786	654.463563	560.630979	560.617209	
9.855685	654.494786	654.463563	560.630979	560.617209	
9.865819	654.494786	654.463563	560.630979	560.617209	
9.875911	654.494786	654.463563	560.630979	560.617209	
9.886085	654.494786	654.463563	560.630979	560.617209	
9.896197	654.494786	654.463563	560.630979	560.617209	
9.906332	654.494786	654.463563	560.630979	560.617209	
9.916508	654.494786	654.463563	560.630979	560.617209	
9.926631	654.494786	654.463563	560.630979	560.617209	
9.937835	654.494786	654.463563	560.630979	560.617209	
9.947102	654.494786	654.463563	560.630979	560.617209	
9.95717	654.494786	654.463563	560.630979	560.617209	
9.967313	654.494786	654.463563	560.630979	560.617209	
9.977449	654.494786	654.463563	560.630979	560.617209	
9.987612	654.494786	654.47229	560.630979	560.617209	
9.997734	654.494786	654.47229	560.630979	560.617209	
10.00788	654.494786	654.47229	560.630979	560.617209	
10.01802	654.494786	654.47229	560.630979	560.617209	
10.02812	654.494786	654.47229	560.630979	560.617209	
10.04689	654.494786	654.47229	560.630979	560.617209	
10.05131	654.494786	654.47229	560.630979	560.617209	
10.06145	654.494786	654.47229	560.630979	560.617209	
10.07154	654.494786	654.47229	560.630979	560.617209	
10.08169	654.494786	654.47229	560.630979	560.617209	
10.09184	654.494786	654.47229	560.630979	560.617209	
10.10196	654.494786	654.47229	560.630979	560.617209	
10.11208	654.494786	654.47229	560.630979	560.617209	
10.12228	654.494786	654.47229	560.630979	560.617209	
10.13241	654.494786	654.47229	560.630979	560.617209	
10.14301	654.494786	654.47229	560.630979	560.617209	
10.15274	654.494786	654.47229	560.630979	560.617209	
10.16293	654.494786	654.47229	560.630979	560.617209	
10.17294	654.494786	654.47229	560.630979	560.617209	
10.18312	654.494786	654.47229	560.630979	560.617209	
10.19327	654.494786	654.47229	560.630979	560.617209	
10.20341	654.494786	654.47229	560.630979	560.617209	
10.21352	654.494786	654.47229	560.630979	560.617209	
10.22363	654.494786	654.47229	560.630979	560.617209	
10.23421	654.494786	654.47229	560.630979	560.617209	
10.24395	654.494786	654.47229	560.630979	560.617209	
10.25409	654.494786	654.47229	560.630979	560.617209	
10.26419	654.494786	654.47229	560.630979	560.617209	
10.2743	654.494786	654.47229	560.630979	560.617209	
10.28453	654.494786	654.47229	560.630979	560.617209	
10.29458	654.494786	654.47229	560.630979	560.617209	
10.30473	654.494786	654.47229	560.630979	560.617209	
10.31491	654.494786	654.47229	560.630979	560.617209	
10.32496	654.494786	654.47229	560.630979	560.617209	
10.3438	654.494786	654.47229	560.630979	560.617209	
10.34823	654.494786	654.47229	560.630979	560.617209	
10.35836	654.494786	654.47229	560.630979	560.617209	
10.3685	654.494786	654.47229	560.630979	560.617209	
10.37858	654.494786	654.47229	560.630979	560.617209	
10.38877	654.494786	654.47229	560.630979	560.617209	
10.3989	654.494786	654.47229	560.630979	560.617209	
10.40903	654.494786	654.47229	560.630979	560.617209	
10.41917	654.494786	654.47229	560.630979	560.617209	
10.42927	654.494786	654.47229	560.630979	560.617209	
10.43943	654.494786	654.47229	560.630979	560.617209	
10.44976	654.494786	654.47229	560.630979	560.617209	
10.45979	654.494786	654.47229	560.630979	560.617209	
10.46988	654.494786	654.47229	560.630979	560.617209	
10.47999	654.494786	654.47229	560.630979	560.617209	
10.49018	654.494786	654.47229	560.630979	560.617209	
10.50038	654.494786	654.47229	560.630979	560.617209	
10.51044	654.494786	654.47229	560.630979	560.617209	
10.52058	654.494786	654.47229	560.630979	560.617209	
10.5307	654.494786	654.47229	560.630979	560.617209	
10.54085	654.494786	654.47229	560.630979	560.617209	
10.55131	654.494786	654.47229	560.630979	560.617209	
10.56142	654.494786	654.47229	560.630979	560.617209	
10.58018	654.494786	654.481016	560.630979	560.617209	
10.58454	654.494786	654.481016	560.630979	560.617209	
10.59466	654.494786	654.489743	560.630979	560.617209	
10.60481	654.494786	654.498469	560.630979	560.617209	
10.61493	654.494786	654.498469	560.630979	560.617209	
10.62509	654.494786	654.498469	560.630979	560.617209	
10.63566	654.494786	654.498469	560.630979	560.617209	
10.65112	654.494786	654.489743	560.630979	560.617209	
10.66574	654.494786	654.489743	560.630979	560.617209	
10.67032	654.494786	654.489743	560.630979	560.617209	
