2.43882	885.887421	885.885495	791.901441	791.899515	
2.45691	885.891955	885.885495	791.905975	791.899515	
2.461282	885.892984	885.885495	791.907004	791.899515	
2.471406	885.896161	885.885495	791.910181	791.899515	
2.481776	885.90007	885.885495	791.914089	791.899515	
2.491799	885.904433	885.885495	791.918453	791.899515	
2.5019	885.909448	885.885495	791.923468	791.899515	
2.512036	885.915097	885.885495	791.929117	791.899515	
2.522275	885.92144	885.885495	791.93546	791.899515	
2.532264	885.928214	885.885495	791.942234	791.899515	
2.543372	885.93656	885.885495	791.95058	791.899515	
2.552604	885.943898	885.885495	791.957918	791.899515	
2.562804	885.952693	885.894222	791.966713	791.899515	
2.572901	885.962008	885.894222	791.976028	791.899515	
2.583442	885.972414	885.902948	791.986434	791.899515	
2.593133	885.98252	885.911675	791.99654	791.908242	
2.603261	885.993707	885.920402	792.007727	791.908242	
2.613358	886.005469	885.929128	792.019489	791.916968	
2.623488	886.017893	885.946582	792.031913	791.925695	
2.633694	886.031036	885.964035	792.045055	791.934421	
2.6438	886.04466	885.981488	792.058679	791.943148	
2.653983	886.059012	885.998941	792.073032	791.960601	
2.664143	886.073948	886.016395	792.087967	791.969328	
2.674179	886.089298	886.042575	792.103318	791.986781	
2.692652	886.120088	886.086208	792.134108	792.021688	
2.696998	886.127248	886.094935	792.141268	792.030415	
2.70712	886.144736	886.121115	792.158756	792.056594	
2.717259	886.162875	886.138568	792.176895	792.082774	
2.727395	886.181626	886.164748	792.195646	792.108954	
2.738277	886.202507	886.190928	792.216527	792.135134	
2.747907	886.221482	886.208381	792.235501	792.170041	
2.757853	886.241675	886.234561	792.255695	792.196221	
2.768018	886.262955	886.260741	792.276975	792.222401	
2.778079	886.284621	886.286921	792.298641	792.248581	
2.78825	886.307151	886.313101	792.321171	792.274761	
2.798393	886.330237	886.330554	792.344257	792.309667	
2.808737	886.354422	886.356734	792.368442	792.335847	
2.818842	886.378649	886.374187	792.392668	792.362027	
2.828935	886.403467	886.400367	792.417487	792.396934	
2.839483	886.430107	886.417821	792.444127	792.423114	
2.849336	886.455524	886.444	792.469544	792.449294	
2.859401	886.482094	886.47018	792.496114	792.475474	
2.869537	886.509576	886.487634	792.523596	792.501653	
2.879646	886.537421	886.513814	792.551441	792.527833	
2.889823	886.56617	886.539994	792.580189	792.554013	
2.899933	886.595335	886.566173	792.609354	792.58892	
2.910077	886.62521	886.592353	792.63923	792.623827	
2.920283	886.655901	886.62726	792.669921	792.650006	
2.930286	886.686576	886.65344	792.700596	792.676186	
2.940746	886.719355	886.67962	792.733375	792.711093	
2.950677	886.75102	886.714526	792.765039	792.746	
2.960757	886.783749	886.749433	792.797769	792.780906	
2.970877	886.817245	886.78434	792.831264	792.807086	
2.980967	886.851274	886.819246	792.865294	792.841993	
2.991155	886.886229	886.854153	792.900249	792.876899	
3.001281	886.921605	886.889059	792.935625	792.903079	
3.011404	886.957568	886.923966	792.971588	792.937986	
3.021562	886.994408	886.958873	793.008428	792.972892	
3.031988	887.032659	886.993779	793.046679	793.016526	
3.041957	887.06992	887.028686	793.08394	793.051432	
3.051966	887.10789	887.063592	793.12191	793.095065	
3.062117	887.147061	887.107226	793.161081	793.129972	
3.072303	887.18697	887.142132	793.20099	793.173605	
3.082328	887.226854	887.185765	793.240874	793.208512	
3.092472	887.267849	887.220672	793.281869	793.252145	
3.102634	887.309521	887.264305	793.323541	793.287052	
3.112747	887.351604	887.299212	793.365623	793.330685	
3.122976	887.394817	887.342845	793.408837	793.374318	
3.133056	887.437994	887.386478	793.452014	793.409225	
3.144597	887.488293	887.430111	793.502312	793.461585	
3.153341	887.526776	887.473745	793.540796	793.496491	
3.163375	887.571548	887.517378	793.585568	793.540124	
3.184316	887.668409	887.569738	793.682428	793.636117	
3.188622	887.688177	887.639551	793.702197	793.662297	
3.198802	887.735834	887.683184	793.749854	793.705931	
3.209317	887.785695	887.726817	793.799715	793.758291	
3.219419	887.834177	887.770451	793.848197	793.801924	
3.229542	887.88339	887.814084	793.89741	793.845557	
3.239646	887.933142	887.857717	793.947162	793.897917	
3.249898	887.984263	887.910077	793.998283	793.959003	
3.260041	888.03543	887.962437	794.04945	794.02009	
3.27016	888.087094	888.014797	794.101114	794.07245	
3.280329	888.139646	888.067157	794.153665	794.12481	
3.290597	888.194191	888.128243	794.208211	794.185896	
3.300542	888.245918	888.18933	794.259938	794.246983	
3.31077	888.300661	888.250416	794.314681	794.308069	
3.320828	888.355064	888.311503	794.369083	794.369156	
3.33096	888.410496	888.372589	794.424516	794.430242	
3.34103	888.466212	888.433676	794.480232	794.491329	
3.35128	888.523538	888.494762	794.537557	794.552415	
3.361413	888.580821	888.564575	794.594841	794.613502	
3.371567	888.638831	888.625662	794.652851	794.674588	
3.381682	888.697242	888.695475	794.711262	794.735675	
3.39214	888.758336	888.756562	794.772356	794.796761	
3.40189	888.815799	888.826375	794.829819	794.857848	
3.412038	888.876256	888.896188	794.890275	794.918934	
3.422161	888.937165	888.957275	794.951185	794.980021	
3.432308	888.998856	889.018361	795.012876	795.032381	
3.442404	889.060872	889.088174	795.074892	795.102194	
3.452583	889.123979	889.149261	795.137998	795.163281	
3.462774	889.187802	889.210347	795.201821	795.224367	
3.472928	889.252004	889.28016	795.266024	795.285454	
3.483009	889.316333	889.349974	795.330353	795.34654	
3.493464	889.383769	889.41106	795.397789	795.416353	
3.503243	889.447322	889.472147	795.461342	795.47744	
3.513386	889.513937	889.54196	795.527957	795.547253	
3.5235	889.580934	889.611773	795.594954	795.60834	
3.533582	889.648348	889.681586	795.662368	795.678153	
3.543769	889.717124	889.742673	795.731144	795.747966	
3.553929	889.786289	889.812486	795.800309	795.817779	
3.564504	889.858998	889.882299	795.873018	795.887592	
3.574179	889.926015	889.952112	795.940034	795.957405	
3.584356	889.997174	890.021925	796.011194	796.027219	
3.594858	890.071278	890.091739	796.085298	796.097032	
3.604884	890.14257	890.161552	796.156589	796.166845	
3.61506	890.215611	890.231365	796.229631	796.236658	
3.625367	890.290228	890.309905	796.304248	796.306471	
3.635449	890.363775	890.379718	796.377794	796.376284	
3.645588	890.4384	890.449531	796.45242	796.454824	
3.655789	890.514101	890.519344	796.528121	796.524637	
3.665938	890.590025	890.589157	796.604044	796.603177	
3.67604	890.666185	890.667697	796.680205	796.67299	
3.686156	890.743096	890.73751	796.757115	796.742804	
3.696376	890.82145	890.81605	796.83547	796.821343	
3.706447	890.899181	890.885863	796.913201	796.899883	
3.71662	890.978426	890.97313	796.992446	796.978423	
3.726775	891.058078	891.042943	797.072098	797.056963	
3.736857	891.137781	891.121483	797.1518	797.126776	
3.747022	891.218786	891.200023	797.232806	797.214042	
3.757214	891.300614	891.287289	797.314634	797.292582	
3.767302	891.382207	891.365829	797.396227	797.379849	
3.777518	891.465498	891.444369	797.479518	797.458389	
3.787581	891.548071	891.522909	797.562091	797.545655	
3.797762	891.632589	891.610175	797.646609	797.624195	
3.807914	891.716924	891.688715	797.730944	797.711461	
3.818045	891.801942	891.775981	797.815962	797.798728	
3.828122	891.887131	891.863248	797.901151	797.885994	
3.838247	891.973351	891.950514	797.98737	797.973261	
3.848443	892.06081	892.037781	798.07483	798.060527	
3.858582	892.148352	892.133774	798.162371	798.15652	
3.868742	892.236747	892.22104	798.250767	798.243787	
3.878918	892.325842	892.317033	798.339862	798.331053	
3.888994	892.414712	892.4043	798.428732	798.41832	
3.899087	892.504343	892.491566	798.518363	798.505586	
3.909263	892.595344	892.587559	798.609364	798.601579	
3.919431	892.686867	892.674826	798.700887	798.697572	
3.92957	892.778744	892.770819	798.792764	798.784839	
3.939676	892.870925	892.858085	798.884945	798.880832	
3.949757	892.963533	892.954079	798.977553	798.976825	
3.960002	893.058254	893.050072	799.072274	799.072818	
3.970136	893.15259	893.146065	799.16661	799.168811	
3.980214	893.246937	893.242058	799.260957	799.256078	
3.990418	893.343149	893.329324	799.357169	799.352071	
4.00076	893.441328	893.434044	799.455348	799.448064	
4.010688	893.53609	893.530037	799.55011	799.544057	
4.020805	893.633353	893.62603	799.647373	799.64005	
4.030945	893.731377	893.722023	799.745397	799.736043	
4.041044	893.829645	893.818017	799.843665	799.840763	
4.051129	893.928455	893.922736	799.942475	799.936756	
4.061366	894.029289	894.027456	800.043308	800.032749	
4.071579	894.13056	894.123449	800.14458	800.137469	
4.08167	894.231209	894.219442	800.245229	800.242189	
4.091735	894.332185	894.324162	800.346205	800.338182	
4.102189	894.437825	894.428882	800.451845	800.442902	
4.111999	894.537417	894.533602	800.551437	800.547621	
4.12304	894.650407	894.638321	800.664427	800.661068	
4.13221	894.744562	894.734314	800.758582	800.757061	
4.142342	894.84931	894.839034	800.863329	800.861781	
4.152525	894.95525	894.935027	800.96927	800.957774	
4.162685	895.061517	895.039747	801.075537	801.062493	
4.172894	895.168945	895.144467	801.182964	801.167213	
4.183019	895.276101	895.249187	801.290121	801.263206	
4.193051	895.382874	895.353906	801.396894	801.367926	
4.20355	895.495336	895.458626	801.509356	801.472646	
4.213316	895.600382	895.563346	801.614402	801.577366	
4.223603	895.711806	895.668066	801.725826	801.682085	
4.233608	895.820704	895.772785	801.834724	801.786805	
4.243647	895.930577	895.877505	801.944597	801.900251	
4.253861	896.043075	895.990951	802.057095	802.013698	
4.26401	896.155407	896.104398	802.169426	802.118418	
4.27416	896.268356	896.209118	802.282376	802.231864	
4.284327	896.38215	896.331291	802.396169	802.34531	
4.294395	896.495406	896.43601	802.509426	802.458757	
4.32075	896.797462	896.64545	802.811482	802.764189	
4.325128	896.847442	896.785076	802.861462	802.807823	
4.335261	896.963893	896.907249	802.977913	802.929996	
4.345359	897.080587	897.029422	803.094607	803.043442	
4.355533	897.198806	897.134142	803.212826	803.165615	
4.365769	897.318399	897.238862	803.332419	803.287788	
4.375902	897.437356	897.352308	803.451375	803.409961	
4.386002	897.556524	897.465755	803.570543	803.532134	
4.396107	897.676351	897.587928	803.690371	803.654307	
4.406284	897.797752	897.710101	803.811772	803.77648	
4.416463	897.919715	897.841	803.933735	803.90738	
4.426541	898.040615	897.9719	804.054635	804.029553	
4.436727	898.162895	898.1028	804.176915	804.160453	
4.446858	898.284443	898.2337	804.298463	804.282626	
4.456984	898.405991	898.373326	804.420011	804.413526	
4.467469	898.531871	898.504226	804.545891	804.544425	
4.477284	898.649567	898.635125	804.663587	804.666598	
4.487419	898.771187	898.774752	804.785207	804.788771	
4.497512	898.892291	898.905651	804.906311	804.928398	
4.507693	899.014511	899.036551	805.028531	805.050571	
4.517808	899.135843	899.167451	805.149863	805.172744	
4.52795	899.257571	899.29835	805.271591	805.303644	
4.538102	899.379395	899.42925	805.393415	805.425817	
4.549526	899.516495	899.56015	805.530515	805.54799	
4.558396	899.622923	899.682323	805.636943	805.678889	
4.568608	899.745515	899.813223	805.759535	805.801062	
4.578719	899.866799	899.935396	805.880819	805.923235	
4.58883	899.988131	900.057569	806.002151	806.045408	
4.598989	900.110003	900.171015	806.124023	806.167581	
4.609062	900.230891	900.293188	806.244911	806.289755	
4.619237	900.353003	900.415361	806.367023	806.411928	
4.629358	900.474443	900.537534	806.488463	806.534101	
4.639515	900.596351	900.659707	806.610371	806.647547	
4.649638	900.717803	900.78188	806.731823	806.76972	
4.659733	900.838967	900.895327	806.852987	806.883166	
4.670142	900.963947	901.0175	806.977967	807.00534	
4.68008	901.083107	901.130946	807.097127	807.127513	
4.690147	901.203923	901.253119	807.217943	807.249686	
4.700328	901.326095	901.375292	807.340115	807.371859	
4.71073	901.452431	901.497465	807.466451	807.494032	
4.720563	901.568939	901.619638	807.582959	807.616205	
4.730669	901.690175	901.741811	807.704195	807.729651	
4.740879	901.812731	901.872711	807.826751	807.851824	
4.751043	901.934663	901.986157	807.948683	807.965271	
4.761071	902.055035	902.117057	808.069055	808.087444	
4.771633	902.181839	902.230504	808.195859	808.209617	
4.781377	902.298743	902.352677	808.312763	808.33179	
4.79158	902.421119	902.47485	808.435139	808.445236	
4.801662	902.542103	902.597023	808.556123	808.567409	
4.81212	902.667647	902.710469	808.681667	808.680856	
4.821903	902.785007	902.832642	808.799027	808.803029	
4.832019	902.906399	902.946089	808.920419	808.925202	
4.84217	903.028211	903.068262	809.042231	809.047375	
4.852253	903.149183	903.190435	809.163203	809.169548	
4.862403	903.271019	903.303881	809.285039	809.282994	
4.872631	903.393767	903.417327	809.407787	809.405167	
4.882736	903.515015	903.5395	809.529035	809.52734	
4.892884	903.636779	903.652947	809.650799	809.640787	
4.903034	903.758579	903.766393	809.772599	809.76296	
4.913452	903.883607	903.888566	809.897627	809.885133	
4.923236	904.001027	904.010739	810.015047	809.998579	
4.933345	904.122287	904.124186	810.136307	810.112026	
4.94351	904.244291	904.246359	810.258311	810.234199	
4.953583	904.365155	904.368532	810.379175	810.356372	
4.963762	904.487327	904.481978	810.501347	810.469818	
4.973926	904.609331	904.604151	810.623351	810.583265	
4.984084	904.731203	904.717598	810.745223	810.705438	
4.994182	904.852355	904.839771	810.866375	810.827611	
5.004317	904.973951	904.953217	810.987971	810.949784	
5.014909	905.101079	905.084117	811.115099	811.080683	
5.02491	905.221067	905.20629	811.235087	811.211583	
5.035035	905.342567	905.328463	811.356587	811.333756	
5.045203	905.464619	905.450636	811.478639	811.455929	
5.055297	905.585711	905.572809	811.599731	811.586829	
5.065464	905.707739	905.694982	811.721759	811.709002	
5.075674	905.830319	905.825882	811.844339	811.831175	
5.08583	905.952119	905.948055	811.966139	811.962075	
5.09592	906.073187	906.070228	812.087207	812.084248	
5.106011	906.194303	906.192401	812.208323	812.206421	
5.1162	906.316571	906.314574	812.330591	812.328594	
5.126336	906.438239	906.436747	812.452259	812.450767	
5.136478	906.559883	906.55892	812.573903	812.581666	
5.146736	906.683027	906.681093	812.697047	812.712566	
5.156675	906.802247	906.803266	812.816267	812.834739	
5.167915	906.937235	906.925439	812.951255	812.956912	
5.187659	907.174127	907.178512	813.188147	813.209985	
5.192005	907.226195	907.230872	813.240215	813.262345	
5.20212	907.347611	907.353045	813.361631	813.384518	
5.212266	907.469399	907.475218	813.483419	813.506691	
5.222399	907.590971	907.597391	813.604991	813.628864	
5.232555	907.712819	907.719564	813.726839	813.751037	
5.242658	907.834043	907.841737	813.848063	813.864483	
5.252855	907.956431	907.955183	813.970451	813.986657	
5.271778	908.183591	908.077357	814.197611	814.213549	
5.278192	908.260607	908.234436	814.274627	814.257183	
5.286244	908.357075	908.356609	814.371095	814.379356	
5.296421	908.479211	908.478782	814.493231	814.501529	
5.306462	908.599703	908.600955	814.613723	814.623702	
5.316669	908.722211	908.714402	814.736231	814.754601	
5.326801	908.843771	908.827848	814.857791	814.876774	
5.336938	908.965391	908.950021	814.979411	814.998948	
5.347054	909.086783	909.063468	815.100803	815.112394	
5.357189	909.208451	909.185641	815.222471	815.22584	
5.367355	909.330431	909.307814	815.344451	815.348013	
5.377546	909.452759	909.429987	815.466779	815.470186	
5.387675	909.574307	909.55216	815.588327	815.592359	
5.397746	909.695099	909.674333	815.709119	815.723259	
5.407868	909.816575	909.805232	815.830595	815.845432	
5.418065	909.938951	909.927406	815.952971	815.967605	
5.428171	910.060223	910.049579	816.074243	816.098505	
5.438312	910.181891	910.180478	816.195911	816.220678	
5.448523	910.304423	910.311378	816.318443	816.342851	
5.458575	910.425071	910.433551	816.439091	816.465024	
5.468729	910.546931	910.564451	816.560951	816.587197	
5.478951	910.669607	910.69535	816.683627	816.70937	
5.489078	910.791107	910.817523	816.805127	816.831543	
5.499171	910.912211	910.948423	816.926231	816.953716	
5.509293	911.033687	911.070596	817.047707	817.075889	
5.519398	911.154911	911.192769	817.168931	817.198062	
5.52957	911.277011	911.314942	817.291031	817.320235	
5.539683	911.398367	911.437115	817.412387	817.442408	
5.550903	911.533031	911.559288	817.547051	817.564582	
5.55998	911.641931	911.681461	817.655951	817.678028	
5.570058	911.762879	911.794908	817.776899	817.800201	
5.580279	911.885519	911.917081	817.899539	817.922374	
5.590462	912.007727	912.030527	818.021747	818.03582	
5.600588	912.129191	912.143974	818.143211	818.157993	
5.61066	912.250067	912.266147	818.264087	818.280167	
5.620887	912.372827	912.38832	818.386847	818.393613	
5.630922	912.493223	912.501766	818.507243	818.515786	
5.641063	912.614927	912.615213	818.628947	818.629232	
5.651127	912.735671	912.737386	818.749691	818.751405	
5.661337	912.858215	912.859559	818.872235	818.864852	
5.671403	912.979031	912.973005	818.993051	818.978298	
5.68163	913.101767	913.086451	819.115787	819.100471	
5.691759	913.223279	913.208625	819.237299	819.222644	
5.701984	913.346015	913.330798	819.360035	819.344817	
5.712028	913.466495	913.452971	819.480515	819.46699	
5.722271	913.589435	913.575144	819.603455	819.589163	
5.732289	913.709651	913.697317	819.723671	819.711336	
5.742411	913.831091	913.81949	819.845111	819.83351	
5.752592	913.953263	913.941663	819.967283	819.955683	
5.76267	914.074199	914.063836	820.088219	820.077856	
5.773022	914.198447	914.194736	820.212467	820.191302	
5.78339	914.322923	914.316909	820.336943	820.322202	
5.793118	914.439563	914.447808	820.453583	820.444375	
5.803244	914.561087	914.569981	820.575107	820.557821	
5.813345	914.682311	914.692154	820.696331	820.679994	
5.823668	914.806223	914.814327	820.820243	820.810894	
5.833626	914.925671	914.9365	820.939691	820.92434	
5.843754	915.047195	915.058674	821.061215	821.037787	
5.853903	915.168983	915.180847	821.183003	821.168686	
5.863985	915.290015	915.30302	821.304035	821.290859	
5.874143	915.411899	915.425193	821.425919	821.413033	
5.884413	915.535199	915.556092	821.549219	821.535206	
5.894466	915.655799	915.669539	821.669819	821.657379	
5.904651	915.777983	915.791712	821.792003	821.770825	
5.914713	915.898751	915.913885	821.912771	821.892998	
5.924936	916.021391	916.036058	822.035411	822.023898	
5.935117	916.143563	916.158231	822.157583	822.146071	
5.945203	916.264607	916.280404	822.278627	822.259517	
5.955347	916.386323	916.402577	822.400343	822.390417	
5.973431	916.603391	916.52475	822.617411	822.608583	
5.978878	916.668779	916.673103	822.682799	822.660943	
5.987953	916.777691	916.795276	822.791711	822.783116	
5.99806	916.898903	916.917449	822.912923	822.914016	
6.0082	917.020547	917.030896	823.034567	823.044915	
6.018287	917.141603	917.144342	823.155623	823.167088	
6.028549	917.264771	917.257788	823.278791	823.289261	
6.038601	917.385395	917.379961	823.399415	823.420161	
6.048755	917.507219	917.502134	823.521239	823.542334	
6.058872	917.628587	917.624308	823.642607	823.664507	
6.068999	917.750183	917.746481	823.764203	823.795407	
6.08026	917.885351	917.868654	823.899371	823.908853	
6.089316	917.993999	917.990827	824.008019	824.039753	
6.099393	918.114875	918.113	824.128895	824.161926	
6.109511	918.236267	918.235173	824.250287	824.284099	
6.119627	918.357695	918.357346	824.371715	824.397546	
6.129885	918.480803	918.479519	824.494823	824.519719	
6.13991	918.601067	918.601692	824.615087	824.641892	
6.150039	918.722651	918.732592	824.736671	824.764065	
6.160144	918.843875	918.854765	824.857895	824.877511	
6.178293	919.061711	918.976938	825.075731	825.095677	
6.183092	919.119347	919.125291	825.133367	825.148037	
6.193226	919.240955	919.247464	825.254975	825.261484	
6.202958	919.357667	919.36091	825.371687	825.383657	
6.213016	919.478327	919.474357	825.492347	825.497103	
6.223515	919.604363	919.579076	825.618383	825.619276	
6.233278	919.721483	919.683796	825.735503	825.741449	
6.243405	919.843019	919.805969	825.857039	825.854895	
6.253538	919.964615	919.919415	825.978635	825.977069	
6.263635	920.085755	920.032862	826.099775	826.099242	
6.274013	920.210363	920.146308	826.224383	826.212688	
6.284347	920.334383	920.268481	826.348403	826.334861	
6.294422	920.455259	920.390654	826.469279	826.448307	
6.304521	920.576411	920.512827	826.590431	826.57048	
6.314626	920.697707	920.635	826.711727	826.692653	
6.324697	920.818499	920.7659	826.832519	826.8061	
6.334954	920.941595	920.888073	826.955615	826.928273	
6.345071	921.062999	921.010246	827.077019	827.050446	
6.355206	921.184607	921.141146	827.198627	827.172619	
6.365356	921.306431	921.272046	827.320451	827.286065	
6.375624	921.429695	921.394219	827.443715	827.408238	
6.386843	921.564287	921.542572	827.578307	827.547865	
6.397226	921.688919	921.673471	827.702939	827.678765	
6.407124	921.807683	921.804371	827.821703	827.800938	
6.417214	921.928715	921.935271	827.942735	827.931837	
6.427307	922.049831	922.057444	828.063851	828.05401	
6.437477	922.171871	922.188344	828.185891	828.176183	
6.4476	922.293347	922.310517	828.307367	828.298356	
6.45775	922.415183	922.441416	828.429203	828.429256	
6.46787	922.536575	922.563589	828.550595	828.551429	
6.478102	922.659443	922.694489	828.673463	828.682329	
6.488207	922.780667	922.825389	828.794687	828.804502	
6.498659	922.906103	922.956288	828.920123	828.926675	
6.508743	923.027075	923.078461	829.041095	829.048848	
6.518892	923.148863	923.209361	829.162883	829.179748	
6.52899	923.270027	923.331534	829.284047	829.301921	
6.539171	923.392199	923.453707	829.406219	829.43282	
6.549273	923.513459	923.57588	829.527479	829.554993	
6.559447	923.635547	923.698053	829.649567	829.677167	
6.569611	923.757503	923.820226	829.771523	829.79934	
6.579676	923.878295	923.933673	829.892315	829.921513	
6.589878	924.000719	924.055846	830.014739	830.043686	
6.600046	924.122747	924.178019	830.136767	830.165859	
6.610153	924.244031	924.291465	830.258051	830.279305	
6.620281	924.365531	924.413638	830.379551	830.401478	
6.630545	924.490943	924.535811	830.504963	830.523651	
6.640635	924.609803	924.649258	830.623823	830.637098	
6.650645	924.729935	924.762704	830.743955	830.759271	
6.660808	924.851831	924.884877	830.865851	830.881444	
6.670941	924.973451	925.00705	830.987471	831.003617	
6.681211	925.096739	925.129223	831.110759	831.12579	
6.691235	925.217063	925.24267	831.231083	831.247963	
6.701394	925.338899	925.364843	831.352919	831.370136	
6.711564	925.460939	925.487016	831.474959	831.492309	
6.721627	925.581659	925.609189	831.595679	831.614482	
6.732051	925.706819	925.722635	831.720839	831.736655	
6.741871	925.824575	925.844808	831.838595	831.850101	
6.752004	925.946183	925.966981	831.960203	831.972274	
6.762152	926.067983	926.089154	832.082003	832.094448	
6.772255	926.189183	926.211327	832.203203	832.207894	
6.782418	926.311283	926.324774	832.325303	832.330067	
6.792669	926.434235	926.43822	832.448255	832.45224	
6.802739	926.555039	926.560393	832.569059	832.574413	
6.81293	926.677379	926.682566	832.691399	832.687859	
6.823033	926.798567	926.796013	832.812587	832.810033	
6.833554	926.924879	926.918186	832.938899	832.932206	
6.843226	927.040859	927.031632	833.054879	833.045652	
6.85336	927.162479	927.153805	833.176499	833.159098	
6.863465	927.283739	927.275978	833.297759	833.281271	
6.873565	927.404939	927.398151	833.418959	833.394718	
6.883717	927.526799	927.511598	833.540819	833.516891	
6.89388	927.648755	927.633771	833.662775	833.630337	
6.904058	927.770915	927.747217	833.784935	833.75251	
6.914189	927.892475	927.86939	833.906495	833.865957	
6.924341	928.014263	927.991563	834.028283	833.98813	
6.934871	928.140659	928.113736	834.154679	834.110303	
6.944937	928.261427	928.235909	834.275447	834.232476	
6.955031	928.382531	928.358082	834.396551	834.354649	
6.96518	928.504343	928.480255	834.518363	834.476822	
6.975307	928.625855	928.602429	834.639875	834.598995	
6.985461	928.747715	928.724602	834.761735	834.729895	
6.99565	928.869995	928.846775	834.884015	834.852068	
7.005803	928.991843	928.968948	835.005863	834.982967	
7.015919	929.113199	929.099847	835.127219	835.10514	
7.026096	929.235287	929.230747	835.249307	835.23604	
7.036254	929.357207	929.35292	835.371227	835.358213	
7.046369	929.478563	929.48382	835.492583	835.489113	
7.056598	929.601323	929.605993	835.615343	835.611286	
7.066639	929.721803	929.736893	835.735823	835.742186	
7.076752	929.843147	929.859066	835.857167	835.873085	
7.086908	929.965067	929.989965	835.979087	835.995258	
7.097131	930.087791	930.112138	836.101811	836.117431	
7.10726	930.209279	930.243038	836.223299	836.257058	
7.117374	930.330647	930.365211	836.344667	836.379231	
7.128208	930.460703	930.496111	836.474723	836.510131	
7.138304	930.581819	930.609557	836.595839	836.632304	
7.148426	930.703271	930.740457	836.717291	836.754477	
7.158535	930.824567	930.853903	836.838587	836.867923	
7.168705	930.946643	930.976076	836.960663	836.990096	
7.188324	931.182119	931.211696	837.196139	837.225716	
7.193083	931.239299	931.255329	837.253319	837.269349	
7.210833	931.452239	931.377502	837.466259	837.487515	
7.215252	931.505183	931.517128	837.519203	837.539875	
7.225333	931.626179	931.639301	837.640199	837.653321	
7.235418	931.747139	931.752748	837.761159	837.775494	
7.245604	931.869407	931.857468	837.883427	837.897667	
7.25575	931.991135	931.970914	838.005155	838.01984	
7.265959	932.113691	932.075634	838.127711	838.133287	
7.276024	932.234423	932.180353	838.248443	838.246733	
7.286154	932.355983	932.2938	838.370003	838.368906	
7.297389	932.490911	932.407246	838.504931	838.499806	
7.306468	932.599799	932.529419	838.613819	838.604526	
7.316592	932.721311	932.651592	838.735331	838.726699	
7.326734	932.842967	932.773765	838.856987	838.840145	
7.336838	932.964203	932.895938	838.978223	838.962318	
7.347002	933.086195	933.018112	839.100215	839.084491	
7.357138	933.207791	933.140285	839.221811	839.206664	
7.367305	933.329819	933.262458	839.343839	839.320111	
7.377423	933.451223	933.393357	839.465243	839.442284	
7.387509	933.572231	933.524257	839.586251	839.564457	
7.398672	933.706307	933.655157	839.720327	839.704083	
7.407854	933.816443	933.786056	839.830463	839.817529	
7.418031	933.938543	933.916956	839.952563	839.930976	
7.428091	934.059239	934.047856	840.073259	840.061876	
7.438191	934.180439	934.170029	840.194459	840.184049	
7.448386	934.302803	934.300929	840.316823	840.297495	
7.4585	934.424135	934.431828	840.438155	840.428395	
7.468625	934.545647	934.554001	840.559667	840.550568	
7.478775	934.667471	934.684901	840.681491	840.672741	
7.488904	934.788995	934.807074	840.803015	840.794914	
7.500022	934.922543	934.929247	840.936563	840.93454	
7.509209	935.032679	935.05142	841.046699	841.03926	
7.51936	935.154503	935.18232	841.168523	841.161433	
7.529458	935.275643	935.304493	841.289663	841.292333	
7.539548	935.396699	935.426666	841.410719	841.414506	
7.549715	935.518739	935.548839	841.532759	841.536679	
7.559882	935.640755	935.671012	841.654775	841.658852	
7.570189	935.764451	935.793185	841.778471	841.789752	
7.580122	935.883647	935.915358	841.897667	841.903198	
7.590279	936.005495	936.037531	842.019515	842.025371	
7.60139	936.138923	936.150978	842.152943	842.156271	
7.610626	936.249707	936.273151	842.263727	842.269717	
7.62073	936.370907	936.395324	842.384927	842.39189	
7.630853	936.492419	936.517497	842.506439	842.52279	
7.640969	936.613811	936.63967	842.627831	842.644963	
7.651073	936.735047	936.761843	842.749067	842.767136	
7.661241	936.857039	936.884016	842.871059	842.889309	
7.6714	936.978959	937.006189	842.992979	843.011482	
7.681542	937.100675	937.119635	843.114695	843.133655	
7.691983	937.225979	937.241808	843.239999	843.247101	
7.70269	937.354523	937.363981	843.368543	843.386728	
7.711914	937.465151	937.486154	843.479171	843.500174	
7.722075	937.587059	937.617054	843.601079	843.613621	
7.732108	937.707455	937.730501	843.721475	843.735794	
7.742277	937.829495	937.8614	843.843515	843.857967	
7.752404	937.951007	937.974847	843.965027	843.971413	
7.762517	938.072363	938.09702	844.086383	844.093586	
7.772644	938.193875	938.219193	844.207895	844.215759	
7.782743	938.315063	938.341366	844.329083	844.337932	
7.802288	938.549699	938.463539	844.563719	844.564825	
7.806678	938.602367	938.629345	844.616387	844.634638	
7.816884	938.724815	938.751518	844.738835	844.748085	
7.826885	938.844767	938.864965	844.858787	844.861531	
7.837058	938.966855	938.960958	844.980875	844.983704	
7.847204	939.088595	939.056951	845.102615	845.105877	
7.857359	939.210479	939.16167	845.224499	845.210597	
7.867474	939.331835	939.26639	845.345855	845.324043	
7.877601	939.453359	939.379837	845.467379	845.43749	
7.887752	939.575183	939.493283	845.589203	845.559663	
7.897846	939.696299	939.615456	845.710319	845.664382	
7.908087	939.819263	939.728903	845.833283	845.786556	
7.918248	939.941171	939.851076	845.955191	845.908729	
7.928358	940.062455	939.973249	846.076475	846.022175	
7.93849	940.184039	940.095422	846.198059	846.144348	
7.94858	940.305119	940.226321	846.319139	846.266521	
7.958774	940.427495	940.348494	846.441515	846.388694	
7.968921	940.549211	940.479394	846.563231	846.510867	
7.978999	940.670147	940.610294	846.684167	846.624314	
7.989161	940.792127	940.732467	846.806147	846.755213	
7.999268	940.913375	940.863367	846.927395	846.877386	
8.009492	941.036099	940.994266	847.050119	847.008286	
8.019648	941.157935	941.125166	847.171955	847.130459	
8.029746	941.279111	941.256066	847.293131	847.261359	
8.039892	941.400875	941.386965	847.414895	847.392258	
8.050055	941.522807	941.517865	847.536827	847.514431	
8.060171	941.644259	941.640038	847.658279	847.645331	
8.070301	941.765795	941.779664	847.779815	847.776231	
8.080433	941.887367	941.910564	847.901387	847.907131	
8.09057	942.008999	942.041464	848.023019	848.03803	
8.100855	942.132455	942.172363	848.146475	848.16893	
8.110889	942.252863	942.303263	848.266883	848.29983	
8.121076	942.375095	942.434163	848.389115	848.430729	
8.13113	942.495743	942.556336	848.509763	848.552902	
8.14124	942.617051	942.687236	848.631071	848.675075	
8.151383	942.738803	942.809409	848.752823	848.797248	
8.16158	942.861131	942.931582	848.875151	848.928148	
8.171655	942.982007	943.053755	848.996027	849.050321	
8.181787	943.103591	943.175928	849.117611	849.172494	
8.191905	943.225007	943.298101	849.239027	849.294667	
8.202256	943.349255	943.420274	849.363275	849.408114	
8.212705	943.474715	943.542447	849.488735	849.530287	
8.222712	943.594691	943.66462	849.608711	849.65246	
8.232921	943.717211	943.778066	849.731231	849.774633	
8.242974	943.837847	943.891513	849.851867	849.888079	
8.253459	943.963691	944.013686	849.977711	850.010252	
8.263237	944.081015	944.127132	850.095035	850.123699	
8.27334	944.202251	944.240579	850.216271	850.237145	
8.283447	944.323523	944.362752	850.337543	850.359318	
8.293541	944.444627	944.476198	850.458647	850.472765	
8.303729	944.566931	944.589644	850.580951	850.594938	
8.313917	944.689259	944.711818	850.703279	850.708384	
8.324042	944.810663	944.825264	850.824683	850.830557	
8.334168	944.932163	944.947437	850.946183	850.95273	
8.344301	945.053783	945.060883	851.067803	851.074903	
8.362641	945.273887	945.27905	851.287907	851.293069	
8.366992	945.326063	945.331409	851.340083	851.336703	
8.377133	945.447743	945.453582	851.461763	851.458876	
8.387264	945.569315	945.575755	851.583335	851.581049	
8.397358	945.690443	945.689202	851.704463	851.703222	
8.408299	945.821855	945.820102	851.835875	851.825395	
8.417749	945.935231	945.933548	851.949251	851.938841	
8.427845	946.056287	946.064448	852.070307	852.061014	
8.437979	946.177907	946.186621	852.191927	852.183187	
8.448083	946.299167	946.308794	852.313187	852.296634	
8.458301	946.421783	946.430967	852.435803	852.418807	
8.46838	946.542731	946.55314	852.556751	852.54098	
8.478532	946.664543	946.675313	852.678563	852.663153	
8.488736	946.786991	946.797486	852.801011	852.785326	
8.498752	946.907171	946.910932	852.921191	852.898772	
8.509513	947.036423	947.033105	853.050443	853.029672	
8.519131	947.151791	947.155278	853.165811	853.143118	
8.529227	947.272883	947.277452	853.286903	853.265291	
8.539407	947.395067	947.390898	853.409087	853.387464	
8.549489	947.516015	947.513071	853.530035	853.509637	
8.569045	947.750759	947.74869	853.764779	853.73653	
8.573403	947.802983	947.80105	853.817003	853.797617	
8.583545	947.924687	947.923223	853.938707	853.911063	
8.593622	948.045599	948.03667	854.059619	854.033236	
8.603795	948.167723	948.158843	854.181743	854.155409	
8.614864	948.300551	948.289742	854.314571	854.286309	
8.625251	948.425243	948.411916	854.439263	854.408482	
8.635153	948.543995	948.534089	854.558015	854.530655	
8.645241	948.665039	948.656262	854.679059	854.661555	
8.655482	948.787979	948.787161	854.801999	854.792454	
8.665565	948.908927	948.900608	854.922947	854.914628	
8.675709	949.030667	949.031507	855.044687	855.036801	
8.685802	949.151759	949.15368	855.165779	855.1677	
8.696003	949.274231	949.275854	855.288251	855.289873	
8.706195	949.396499	949.406753	855.410519	855.420773	
8.716326	949.518083	949.528926	855.532103	855.542946	
8.734461	949.735751	949.651099	855.749771	855.769839	
8.738827	949.788059	949.799452	855.802079	855.822199	
8.748945	949.909499	949.930352	855.923519	855.944372	
8.759049	950.030735	950.043798	856.044755	856.066545	
8.769233	950.152991	950.157245	856.167011	856.188718	
8.779342	950.274263	950.261965	856.288283	856.310891	
8.789476	950.395859	950.375411	856.409879	856.441791	
8.799645	950.517899	950.488857	856.531919	856.563964	
8.809721	950.638787	950.61103	856.652807	856.686137	
8.819936	950.761415	950.724477	856.775435	856.80831	
8.83005	950.882783	950.84665	856.896803	856.921756	
8.840214	951.004727	950.968823	857.018747	857.043929	
8.850408	951.127055	951.090996	857.141075	857.166102	
8.860744	951.251147	951.213169	857.265167	857.279549	
8.870629	951.369719	951.335342	857.383739	857.392995	
8.880809	951.491879	951.457515	857.505899	857.515168	
8.890866	951.612563	951.588415	857.626583	857.637341	
8.900941	951.733463	951.710588	857.747483	857.750788	
8.911074	951.855083	951.832761	857.869103	857.864234	
8.921314	951.977963	951.954934	857.991983	857.986407	
8.931442	952.099523	952.077107	858.113543	858.10858	
8.94156	952.220879	952.19928	858.234899	858.222026	
8.951666	952.342163	952.321453	858.356183	858.344199	
8.962103	952.467443	952.452353	858.481463	858.466373	
8.971887	952.584815	952.574526	858.598835	858.588546	
8.982005	952.706267	952.696699	858.720287	858.701992	
8.992165	952.828127	952.818872	858.842147	858.824165	
9.002281	952.949519	952.949772	858.963539	858.955065	
9.01239	953.070875	953.071945	859.084895	859.068511	
9.022591	953.193275	953.194118	859.207295	859.190684	
9.032893	953.316935	953.325017	859.330955	859.321584	
9.042935	953.437379	953.44719	859.451399	859.443757	
9.053005	953.558243	953.569363	859.572263	859.56593	
9.063492	953.684075	953.700263	859.698095	859.69683	
9.073252	953.801171	953.822436	859.815191	859.819003	
9.08336	953.922479	953.944609	859.936499	859.941176	
9.093484	954.043943	954.066782	860.057963	860.063349	
9.103617	954.165551	954.197682	860.179571	860.194248	
9.11374	954.287063	954.319855	860.301083	860.316422	
9.123957	954.409727	954.450755	860.423747	860.447321	
9.134056	954.530867	954.572928	860.544887	860.569494	
9.144179	954.652331	954.695101	860.666351	860.691667	
9.162243	954.869135	954.913267	860.883155	860.901107	
9.166575	954.921047	954.965627	860.935067	860.962193	
9.187014	955.166399	955.209973	861.180419	861.206539	
9.191422	955.219223	955.262333	861.233243	861.250173	
9.201453	955.339595	955.384506	861.353615	861.372346	
9.211985	955.466027	955.497952	861.480047	861.494519	
9.222236	955.589003	955.620125	861.603023	861.616692	
9.232358	955.710491	955.742298	861.724511	861.738865	
9.24263	955.833743	955.864471	861.847763	861.869765	
9.252566	955.952927	955.977918	861.966947	861.983211	
9.262693	956.074523	956.091364	862.088543	862.105384	
9.280815	956.291963	956.213537	862.305983	862.314824	
9.285143	956.343863	956.353164	862.357883	862.367183	
9.295316	956.465927	956.475337	862.479947	862.489356	
9.305388	956.586779	956.588783	862.600799	862.61153	
9.315703	956.710643	956.702229	862.724663	862.733703	
9.325757	956.831255	956.806949	862.845275	862.847149	
9.335921	956.953271	956.911669	862.967291	862.969322	
9.346062	957.074915	957.033842	863.088935	863.091495	
9.356128	957.195683	957.147288	863.209703	863.204941	
9.366342	957.318287	957.260735	863.332307	863.327114	
9.376456	957.439631	957.382908	863.453651	863.449288	
9.386578	957.561095	957.505081	863.575115	863.571461	
9.396675	957.682259	957.627254	863.696279	863.693634	
9.40679	957.803639	957.758154	863.817659	863.815807	
9.41701	957.926291	957.889053	863.940311	863.93798	
9.427146	958.047923	958.011226	864.061943	864.060153	
9.437321	958.170035	958.142126	864.184055	864.173599	
9.447728	958.294943	958.273026	864.308963	864.295772	
9.457542	958.412651	958.395199	864.426671	864.417945	
9.467716	958.534775	958.526099	864.548795	864.531392	
9.477853	958.656395	958.656998	864.670415	864.653565	
9.487976	958.777871	958.779171	864.791891	864.775738	
9.498145	958.899887	958.901344	864.913907	864.897911	
9.508211	959.020667	959.023517	865.034687	865.011357	
9.518401	959.142983	959.154417	865.157003	865.13353	
9.528579	959.265119	959.27659	865.279139	865.255703	
9.538704	959.386631	959.398763	865.400651	865.377876	
9.548838	959.508251	959.520936	865.522271	865.500049	
9.560304	959.645879	959.651836	865.659899	865.622222	
9.569184	959.752415	959.765282	865.766435	865.735669	
9.579229	959.872895	959.887455	865.886915	865.857842	
9.589344	959.994287	960.009628	866.008307	865.988742	
9.599508	960.116243	960.131801	866.130263	866.102188	
9.609618	960.237575	960.253975	866.251595	866.224361	
9.619714	960.358715	960.376148	866.372735	866.346534	
9.629956	960.481643	960.498321	866.495663	866.477434	
9.640095	960.603323	960.620494	866.617343	866.59088	
9.650295	960.725723	960.742667	866.739743	866.713053	
9.660434	960.847367	960.873566	866.861387	866.843953	
9.671254	960.977315	960.995739	866.991335	866.966126	
9.680769	961.091411	961.117912	867.105431	867.088299	
9.690868	961.212599	961.240086	867.226619	867.219199	
9.700975	961.333859	961.362259	867.347879	867.350098	
9.711094	961.455263	961.484432	867.469283	867.472271	
9.721182	961.576391	961.606605	867.590411	867.603171	
9.731605	961.701503	961.737504	867.715523	867.725344	
9.741567	961.820975	961.850951	867.834995	867.847517	
9.751645	961.941899	961.973124	867.955919	867.96969	
9.761764	962.063339	962.095297	868.077359	868.10059	
9.772125	962.187695	962.226197	868.201715	868.222763	
9.782009	962.306255	962.339643	868.320275	868.344936	
9.792124	962.427635	962.470543	868.441655	868.467109	
9.802312	962.549891	962.592716	868.563911	868.598009	
9.812396	962.670899	962.714889	868.684919	868.711455	
9.822544	962.792747	962.828335	868.806767	868.833628	
9.832781	962.915579	962.950508	868.929599	868.955801	
9.850758	963.131279	963.072681	869.145299	869.173967	
9.855114	963.183575	963.212308	869.197595	869.226327	
9.865237	963.305003	963.334481	869.319023	869.3485	
9.875403	963.427019	963.456654	869.441039	869.461947	
9.885519	963.548375	963.552647	869.562395	869.58412	
9.895641	963.669863	963.657367	869.683883	869.697566	
9.905798	963.791723	963.770813	869.805743	869.819739	
9.915891	963.912851	963.875533	869.926871	869.933186	
9.926765	964.043471	963.997706	870.057491	870.046632	
9.936258	964.157279	964.111152	870.171299	870.168805	
9.946447	964.279547	964.224599	870.293567	870.290978	
9.956564	964.400927	964.346772	870.414947	870.404425	
9.966687	964.522439	964.468945	870.536459	870.526598	
9.976868	964.644599	964.591118	870.658619	870.640044	
9.986962	964.765691	964.713291	870.779711	870.762217	
9.997087	964.887203	964.84419	870.901223	870.88439	
10.00724	965.009087	964.966363	871.023107	871.006563	
10.01734	965.130275	965.097263	871.144295	871.128736	
10.02798	965.258003	965.219436	871.272023	871.250909	
10.03767	965.374235	965.341609	871.388255	871.373082	
10.04783	965.496119	965.472509	871.510139	871.495255	
10.05796	965.617667	965.603409	871.631687	871.617428	
10.06807	965.738975	965.725582	871.752995	871.739601	
10.07823	965.861375	965.865208	871.875395	871.870501	
10.08837	965.982587	965.987381	871.996607	871.992674	
10.0985	966.104135	966.109554	872.118155	872.114847	
10.10862	966.225659	966.240454	872.239679	872.23702	
10.11872	966.346823	966.371354	872.360843	872.36792	
10.12988	966.480851	966.493527	872.494871	872.490093	
10.13902	966.590411	966.6157	872.604431	872.612266	
10.14917	966.712211	966.737873	872.726231	872.734439	
10.15928	966.833483	966.868772	872.847503	872.856612	
10.16943	966.955283	966.990945	872.969303	872.978785	
10.17958	967.077167	967.113118	873.091187	873.100958	
10.18971	967.198619	967.226565	873.212639	873.223131	
10.19983	967.320083	967.348738	873.334103	873.345304	
10.20998	967.441859	967.470911	873.455879	873.467477	
10.22005	967.562771	967.593084	873.576791	873.589651	
10.23125	967.697243	967.715257	873.711263	873.703097	
10.24043	967.807355	967.83743	873.821375	873.82527	
10.25057	967.929011	967.959603	873.943031	873.947443	
10.2607	968.050607	968.081776	874.064627	874.069616	
10.27083	968.172083	968.203949	874.186103	874.191789	
10.28276	968.315351	968.343576	874.329371	874.340142	
10.29294	968.437439	968.474475	874.451459	874.479768	
10.30304	968.558639	968.596648	874.572659	874.601941	
10.3131	968.679383	968.727548	874.693403	874.732841	
10.32323	968.800895	968.849721	874.814915	874.863741	
10.33388	968.928887	968.971894	874.942907	874.985914	
10.34357	969.045047	969.094067	875.059067	875.108087	
10.35361	969.165431	969.21624	875.179451	875.23026	
10.36373	969.286907	969.34714	875.300927	875.352433	
10.37386	969.408503	969.460586	875.422523	875.474606	
10.38401	969.530375	969.582759	875.544395	875.596779	
10.3941	969.651371	969.704932	875.665391	875.718952	
10.40431	969.773879	969.827105	875.787899	875.841125	
10.41446	969.895655	969.949279	875.909675	875.954572	
10.42448	970.015895	970.062725	876.029915	876.068018	
10.43516	970.144151	970.184898	876.158171	876.190191	
10.44502	970.262435	970.298344	876.276455	876.294911	
10.45515	970.383923	970.411791	876.397943	876.417084	
10.4653	970.505819	970.533964	876.519839	876.539257	
10.47549	970.628087	970.64741	876.642107	876.652703	
10.48558	970.749119	970.760857	876.763139	876.76615	
10.4957	970.870583	970.874303	876.884603	876.879596	
10.50585	970.992323	970.987749	877.006343	877.001769	
10.51597	971.113751	971.101196	877.127771	877.115216	
10.52607	971.234939	971.214642	877.248959	877.237389	
10.53754	971.372735	971.336815	877.386755	877.359562	
10.54648	971.479955	971.450262	877.493975	877.473008	
10.55655	971.600783	971.572435	877.614803	877.586454	
10.5667	971.722559	971.694608	877.736579	877.717354	
10.5769	971.844983	971.816781	877.859003	877.839527	
10.587	971.966123	971.938954	877.980143	877.9617	
10.59711	972.087467	972.061127	878.101487	878.083873	
10.60724	972.209087	972.1833	878.223107	878.214773	
10.6174	972.330923	972.305473	878.344943	878.336946	
10.62748	972.451847	972.427646	878.465867	878.459119	
10.63882	972.588119	972.549819	878.602139	878.598745	
10.64782	972.696035	972.680719	878.710055	878.703465	
10.65795	972.817583	972.802892	878.831603	878.825638	
10.66807	972.938939	972.933792	878.952959	878.947811	
10.6782	973.060535	973.055965	879.074555	879.078711	
10.68835	973.182371	973.178138	879.196391	879.200884	
10.69851	973.304303	973.300311	879.318323	879.331784	
10.70863	973.425647	973.43121	879.439667	879.453957	
10.71876	973.547231	973.56211	879.561251	879.57613	
10.72894	973.669451	973.684283	879.683471	879.698303	
10.74018	973.804439	973.806456	879.818459	879.837929	
10.75731	974.009927	974.033349	880.023947	880.047369	
10.76168	974.062307	974.085709	880.076327	880.099729	
10.77178	974.183495	974.207882	880.197515	880.221902	
10.78222	974.308859	974.330055	880.322879	880.344075	
10.79207	974.427059	974.452228	880.441079	880.466248	
10.80218	974.548355	974.574401	880.562375	880.588421	
10.81231	974.669867	974.696574	880.683887	880.710594	
10.82244	974.791859	974.818747	880.805879	880.832767	
10.83257	974.913059	974.94092	880.927079	880.95494	
10.84277	975.035375	975.063093	881.049395	881.077113	
10.86078	975.251531	975.185266	881.265551	881.286553	
10.86518	975.304259	975.333619	881.318279	881.338912	
10.87524	975.425015	975.455792	881.439035	881.461085	
10.88542	975.547163	975.569239	881.561183	881.583258	
10.89555	975.668711	975.673958	881.682731	881.696705	
10.90568	975.790331	975.778678	881.804351	881.818878	
10.9158	975.911699	975.883398	881.925719	881.932324	
10.9259	976.033007	975.996844	882.047027	882.054497	
10.93607	976.154987	976.110291	882.169007	882.167944	
10.94659	976.281311	976.223737	882.295331	882.290117	
10.95641	976.399103	976.337184	882.413123	882.41229	
10.96654	976.520699	976.459357	882.534719	882.525736	
10.97664	976.641887	976.58153	882.655907	882.647909	
10.98684	976.764323	976.703703	882.778343	882.770082	
10.99695	976.885547	976.825876	882.899567	882.892255	
11.00709	977.007263	976.956775	883.021283	883.005702	
11.01724	977.129015	977.078948	883.143035	883.127875	
11.02732	977.250071	977.209848	883.264091	883.250048	
11.0375	977.372147	977.332021	883.386167	883.372221	
11.04781	977.495915	977.454194	883.509935	883.494394	
11.05784	977.616275	977.585094	883.630295	883.616567	
11.06794	977.737463	977.707267	883.751483	883.730013	
11.07807	977.858975	977.838167	883.872995	883.852187	
11.08824	977.981075	977.96034	883.995095	883.97436	
11.09844	978.103475	978.091239	884.117495	884.096533	
11.10853	978.224531	978.222139	884.238551	884.218706	
11.11865	978.345971	978.344312	884.359991	884.340879	
11.12952	978.476471	978.475212	884.490491	884.463052	
11.13892	978.589175	978.606112	884.603195	884.585225	
11.14911	978.711539	978.728285	884.725559	884.707398	
11.15919	978.832391	978.859184	884.846411	884.838298	
11.16932	978.953975	978.981357	884.967995	884.960471	
11.18869	979.186559	979.225703	885.200579	885.19609	
11.19348	979.243967	979.278063	885.257987	885.257177	
11.20327	979.361411	979.400236	885.375431	885.370623	
11.2133	979.481783	979.531136	885.495803	885.492796	
11.22344	979.603487	979.653309	885.617507	885.614969	
11.23353	979.724531	979.775482	885.738551	885.737142	
11.24479	979.859747	979.897655	885.873767	885.859315	
11.25386	979.968563	980.019828	885.982583	885.990215	
11.26396	980.089667	980.142001	886.103687	886.112388	
11.2741	980.211359	980.264174	886.225379	886.243288	
11.28418	980.332247	980.386347	886.346267	886.365461	
11.30265	980.554007	980.604514	886.568027	886.592353	
11.307	980.606099	980.656873	886.620119	886.635987	
11.31714	980.727923	980.779047	886.741943	886.75816	
11.32727	980.849423	980.90122	886.863443	886.889059	
11.33739	980.970779	981.014666	886.984799	887.011232	
11.34869	981.106415	981.145566	887.120435	887.142132	
11.35884	981.228227	981.267739	887.242247	887.264305	
11.36903	981.350495	981.381185	887.364515	887.395205	
11.37909	981.471179	981.503358	887.485199	887.508651	
11.38917	981.592235	981.616805	887.606255	887.630824	
11.39933	981.714143	981.738978	887.728163	887.752997	
11.40949	981.836027	981.852424	887.850047	887.87517	
11.41959	981.957203	981.974597	887.971223	887.988617	
11.42973	982.078907	982.09677	888.092927	888.11079	
11.43985	982.200323	982.210216	888.214343	888.232963	
11.45005	982.322843	982.33239	888.336863	888.355136	
11.4602	982.444535	982.445836	888.458555	888.468582	
11.47031	982.565903	982.568009	888.579923	888.590755	
11.48047	982.687787	982.690182	888.701807	888.712928	
11.49078	982.812407	982.803628	888.826427	888.826375	
11.50075	982.931183	982.925801	888.945203	888.948548	
11.51086	983.052431	983.047975	889.066451	889.070721	
11.52107	983.174987	983.170148	889.189007	889.192894	
11.53112	983.295527	983.283594	889.309547	889.315067	
11.54121	983.416691	983.405767	889.430711	889.43724	
11.55142	983.539211	983.52794	889.553231	889.559413	
11.56159	983.661287	983.650113	889.675307	889.67286	
11.57181	983.783891	983.772286	889.797911	889.795033	
11.5818	983.903711	983.894459	889.917731	889.917206	
11.59215	984.028031	984.016632	890.042051	890.039379	
11.60211	984.147443	984.138805	890.161463	890.152825	
11.6122	984.268499	984.260978	890.282519	890.274998	
11.62234	984.390179	984.383151	890.404199	890.397171	
11.63244	984.511475	984.505324	890.525495	890.519344	
11.64259	984.633251	984.636224	890.647271	890.641517	
11.65278	984.755531	984.758397	890.769551	890.76369	
11.663	984.878267	984.88057	890.892287	890.885863	
11.67313	984.999683	985.002743	891.013703	891.008036	
11.68318	985.120295	985.124916	891.134315	891.130209	
11.69364	985.245959	985.247089	891.259979	891.252383	
11.70345	985.363535	985.369262	891.377555	891.374556	
11.71356	985.484903	985.482709	891.498923	891.496729	
11.72368	985.606319	985.613609	891.620339	891.618902	
11.73378	985.727507	985.735782	891.741527	891.741075	
11.74394	985.849463	985.857955	891.863483	891.863248	
11.75412	985.971683	985.980128	891.985703	891.985421	
11.77508	986.223203	986.2332	892.237223	892.238494	
