3.243321	987.421567	987.420024	893.5054	893.503857	
3.250805	987.422659	987.420024	893.506492	893.503857	
3.260667	987.42475	987.420024	893.508583	893.503857	
3.270726	987.427497	987.420024	893.51133	893.503857	
3.281063	987.430971	987.420024	893.514804	893.503857	
3.291006	987.434893	987.420024	893.518726	893.503857	
3.301142	987.439517	987.428751	893.52335	893.503857	
3.311333	987.444783	987.428751	893.528616	893.503857	
3.321354	987.450563	987.437478	893.534396	893.503857	
3.331491	987.457032	987.437478	893.540865	893.503857	
3.342799	987.465057	987.437478	893.54889	893.503857	
3.351825	987.471882	987.437478	893.555715	893.503857	
3.361918	987.48016	987.437478	893.563993	893.503857	
3.382993	987.500815	987.437478	893.584648	893.503857	
3.387349	987.504972	987.437478	893.588805	893.512584	
3.397481	987.51545	987.437478	893.599283	893.521311	
3.407596	987.52652	987.437478	893.610353	893.530037	
3.41774	987.538242	987.437478	893.622075	893.538764	
3.427859	987.550546	987.446204	893.634379	893.556217	
3.438045	987.563562	987.454931	893.647395	893.57367	
3.448202	987.577155	987.463658	893.660988	893.591124	
3.458514	987.591603	987.472384	893.675436	893.608577	
3.468493	987.60616	987.489837	893.689993	893.62603	
3.4786	987.621525	987.507291	893.705358	893.65221	
3.488676	987.637452	987.533471	893.721285	893.67839	
3.498874	987.654205	987.559651	893.738037	893.695843	
3.509082	987.671598	987.585831	893.755431	893.722023	
3.519203	987.689453	987.612011	893.773286	893.739477	
3.529321	987.707915	987.63819	893.791748	893.765657	
3.539599	987.727464	987.673097	893.811297	893.78311	
3.558713	987.766087	987.725457	893.84992	893.826743	
3.563167	987.775031	987.74291	893.858864	893.83547	
3.57327	987.796127	987.76909	893.87996	893.86165	
3.583451	987.81801	987.803997	893.901843	893.88783	
3.59368	987.840635	987.838903	893.924468	893.91401	
3.603827	987.863691	987.865083	893.947524	893.94019	
3.614049	987.887547	987.89999	893.97138	893.96637	
3.624121	987.91165	987.92617	893.995483	893.992549	
3.634214	987.936412	987.961076	894.020245	894.027456	
3.645218	987.964203	987.995983	894.048036	894.053636	
3.654978	987.989354	988.03089	894.073187	894.088543	
3.664662	988.014859	988.065796	894.098691	894.114723	
3.674847	988.042357	988.100703	894.12619	894.149629	
3.684927	988.070153	988.126883	894.153986	894.184536	
3.695119	988.09889	988.161789	894.182723	894.219442	
3.705221	988.127986	988.187969	894.211819	894.245622	
3.715415	988.157974	988.222876	894.241806	894.280529	
3.725527	988.188331	988.257782	894.272164	894.306709	
3.73563	988.219276	988.292689	894.303109	894.341615	
3.746428	988.253098	988.318869	894.336931	894.376522	
3.75617	988.284112	988.353775	894.367945	894.411428	
3.766149	988.316479	988.379955	894.400312	894.446335	
3.776228	988.349798	988.414862	894.433631	894.481242	
3.786322	988.383786	988.449769	894.467619	894.516148	
3.796535	988.418801	988.475949	894.502634	894.551055	
3.80664	988.454058	988.510855	894.537891	894.577235	
3.816791	988.490092	988.537035	894.573925	894.603415	
3.82691	988.526622	988.571942	894.610455	894.638321	
3.83702	988.563733	988.598122	894.647566	894.673228	
3.848978	988.608586	988.624301	894.692419	894.699408	
3.857442	988.640657	988.659208	894.72449	894.725588	
3.867414	988.679044	988.694115	894.762877	894.760494	
3.877522	988.718615	988.729021	894.802448	894.795401	
3.887637	988.758812	988.755201	894.842645	894.830307	
3.897798	988.799825	988.790108	894.883657	894.865214	
3.907918	988.841281	988.833741	894.925114	894.900121	
3.91812	988.883704	988.868648	894.967537	894.943754	
3.928186	988.926153	988.903554	895.009986	894.987387	
3.938306	988.969458	988.955914	895.053291	895.022294	
3.948864	989.015352	988.990821	895.099185	895.0572	
3.959058	989.060233	989.034454	895.144066	895.100834	
3.968816	989.10373	989.078087	895.187563	895.144467	
3.978938	989.149512	989.12172	895.233345	895.1881	
3.989034	989.195778	989.17408	895.279611	895.24046	
3.99923	989.243143	989.217713	895.326976	895.284093	
4.009345	989.290734	989.270073	895.374567	895.336453	
4.019529	989.339275	989.322433	895.423108	895.388813	
4.029624	989.38799	989.366066	895.471823	895.432446	
4.039694	989.437216	989.418426	895.521049	895.476079	
4.050141	989.488962	989.470786	895.572795	895.528439	
4.060016	989.538384	989.523146	895.622217	895.580799	
4.070206	989.590072	989.575506	895.673905	895.633159	
4.080328	989.641987	989.627866	895.72582	895.685519	
4.0904	989.694262	989.680226	895.778095	895.746605	
4.100873	989.749316	989.741312	895.833149	895.807692	
4.11064	989.80119	989.793672	895.885023	895.860052	
4.120976	989.856773	989.846032	895.940606	895.912412	
4.1309	989.910676	989.907118	895.994509	895.973498	
4.141183	989.967202	989.959478	896.051035	896.034585	
4.152486	990.030171	990.020565	896.114003	896.086945	
4.16145	990.080445	990.072925	896.164278	896.148031	
4.171563	990.13787	990.134011	896.221703	896.209118	
4.18175	990.196345	990.195098	896.280178	896.270204	
4.191818	990.254725	990.256184	896.338558	896.331291	
4.202252	990.315928	990.317271	896.399761	896.392377	
4.212071	990.374055	990.369631	896.457888	896.453464	
4.222602	990.437128	990.439444	896.520961	896.51455	
4.23233	990.495853	990.50053	896.579686	896.575637	
4.242426	990.557474	990.561617	896.641306	896.64545	
4.253811	990.627833	990.622703	896.711666	896.706536	
4.263044	990.685298	990.68379	896.769131	896.767623	
4.272839	990.746816	990.744877	896.830649	896.837436	
4.282972	990.811128	990.81469	896.894961	896.898523	
4.29312	990.87618	990.875776	896.960013	896.968336	
4.303692	990.944587	990.945589	897.02842	897.038149	
4.313824	991.010769	991.015403	897.094602	897.099236	
4.323977	991.07772	991.076489	897.161553	897.169049	
4.334151	991.145405	991.146302	897.229237	897.238862	
4.344199	991.212852	991.216115	897.296685	897.308675	
4.355085	991.28674	991.285929	897.370573	897.378488	
4.36465	991.352085	991.355742	897.435918	897.448301	
4.374723	991.421546	991.434282	897.505379	897.526841	
4.384822	991.491813	991.504095	897.575646	897.596654	
4.394931	991.562749	991.573908	897.646582	897.666468	
4.405083	991.634634	991.643721	897.718467	897.745007	
4.415236	991.707139	991.722261	897.790972	897.814821	
4.425502	991.781108	991.792074	897.864941	897.89336	
4.435551	991.85407	991.870614	897.937903	897.963174	
4.445615	991.927749	991.940427	898.011581	898.041713	
4.456366	992.007248	992.018967	898.091081	898.111526	
4.465965	992.078635	992.097507	898.162468	898.190066	
4.476096	992.154659	992.176047	898.238492	898.268606	
4.486273	992.231674	992.254586	898.315507	898.347146	
4.496316	992.308252	992.333126	898.392085	898.425686	
4.506508	992.386634	992.411666	898.470467	898.495499	
4.51668	992.465451	992.490206	898.549284	898.574039	
4.526802	992.544525	992.568746	898.628358	898.652579	
4.536916	992.624111	992.638559	898.707944	898.739845	
4.547379	992.7085	992.725825	898.792333	898.809658	
4.558209	992.793811	992.804365	898.877643	898.888198	
4.56741	992.867877	992.882905	898.95171	898.966738	
4.577453	992.949311	992.952718	899.033144	899.054004	
4.587608	993.032333	993.039985	899.116166	899.132544	
4.597702	993.11545	993.118524	899.199283	899.211084	
4.607875	993.199849	993.197064	899.283682	899.289624	
4.618009	993.284548	993.284331	899.36838	899.368164	
4.628125	993.369701	993.36287	899.453534	899.45543	
4.638296	993.455948	993.44141	899.539781	899.542696	
4.648351	993.541789	993.528677	899.625622	899.621236	
4.659571	993.638459	993.615943	899.722292	899.699776	
4.66874	993.717841	993.694483	899.801674	899.787043	
4.678823	993.805757	993.781749	899.88959	899.865582	
4.688935	993.894539	993.860289	899.978372	899.952849	
4.699002	993.98356	993.947556	900.067393	900.040115	
4.709221	994.074565	994.034822	900.158398	900.118655	
4.719354	994.165381	994.122089	900.249214	900.205922	
4.72946	994.256594	994.209355	900.340427	900.293188	
4.739633	994.349072	994.296622	900.432905	900.380455	
4.749708	994.441238	994.383888	900.525071	900.476448	
4.760905	994.544485	994.479881	900.628318	900.563714	
4.770003	994.628777	994.567148	900.71261	900.650981	
4.780115	994.723072	994.663141	900.806905	900.746974	
4.790321	994.818908	994.759134	900.902741	900.851693	
4.800809	994.91809	994.855127	901.001923	900.93896	
4.810563	995.010844	994.959847	901.094677	901.04368	
4.8207	995.107897	995.05584	901.19173	901.139673	
4.83074	995.204594	995.151833	901.288427	901.244392	
4.84088	995.302904	995.256553	901.386737	901.340386	
4.851063	995.402294	995.361272	901.486127	901.445105	
4.862216	995.511896	995.465992	901.595729	901.541098	
4.871562	995.604178	995.561985	901.688011	901.654545	
4.881394	995.701813	995.675432	901.785646	901.750538	
4.891543	995.803619	995.780151	901.887452	901.855258	
4.901704	995.905518	995.884871	901.989351	901.959977	
4.91226	996.012406	995.989591	902.096239	902.073424	
4.92193	996.110828	996.103037	902.194661	902.178144	
4.932152	996.215534	996.216484	902.299367	902.282863	
4.942236	996.319412	996.321204	902.403245	902.387583	
4.952274	996.423409	996.43465	902.507242	902.50103	
4.96354	996.541375	996.548096	902.625208	902.605749	
4.972669	996.63673	996.652816	902.720562	902.719196	
4.982718	996.742601	996.766262	902.826434	902.823915	
4.992834	996.849902	996.879709	902.933735	902.937362	
5.002921	996.957483	996.993155	903.041316	903.050808	
5.021373	997.156837	997.193868	903.24067	903.251521	
5.025715	997.203627	997.246228	903.28746	903.303881	
5.035864	997.313898	997.350948	903.397731	903.417327	
5.046111	997.425868	997.464394	903.509701	903.530774	
5.056113	997.535721	997.569114	903.619554	903.635494	
5.067429	997.661311	997.691287	903.745144	903.766393	
5.077565	997.773555	997.804733	903.857388	903.87984	
5.087704	997.886804	997.909453	903.970637	903.993286	
5.097806	998.000319	998.014173	904.084152	904.106732	
5.107923	998.114617	998.127619	904.19845	904.220179	
5.118199	998.231372	998.241066	904.315205	904.333625	
5.128234	998.345907	998.345785	904.42974	904.447072	
5.138364	998.462191	998.459232	904.546024	904.560518	
5.148518	998.579393	998.572678	904.663226	904.673964	
5.15862	998.69657	998.686125	904.780403	904.796138	
5.168837	998.815747	998.799571	904.89958	904.909584	
5.178945	998.934251	998.921744	905.018084	905.02303	
5.189095	999.053807	999.03519	905.13764	905.145203	
5.199226	999.173814	999.148637	905.257647	905.25865	
5.209568	999.297857	999.27081	905.38169	905.380823	
5.219523	999.416063	999.392983	905.499896	905.494269	
5.22961	999.537386	999.515156	905.621219	905.616442	
5.239729	999.658802	999.628602	905.742635	905.738615	
5.249886	999.78071	999.759502	905.864543	905.860788	
5.259954	999.901586	999.881675	905.985419	905.982961	
5.270231	1000.02489	1000.00385	906.108719	906.105134	
5.280376	1000.1466	1000.12602	906.230435	906.227308	
5.29044	1000.26733	1000.24819	906.351167	906.349481	
5.300548	1000.38865	1000.37037	906.472487	906.471654	
5.311007	1000.51417	1000.49254	906.598007	906.593827	
5.320813	1000.6318	1000.62344	906.715631	906.716	
5.330927	1000.75318	1000.75434	906.837011	906.838173	
5.341046	1000.87463	1000.87651	906.958463	906.969072	
5.351182	1000.99626	1000.99869	907.080095	907.091245	
5.361293	1001.11761	1001.12086	907.201439	907.213419	
5.372908	1001.25898	1001.25176	907.342811	907.335592	
5.381839	1001.36419	1001.38266	907.448027	907.466491	
5.391882	1001.48464	1001.50483	907.568471	907.588664	
5.402041	1001.60657	1001.627	907.690403	907.710837	
5.412549	1001.73269	1001.74918	907.816523	907.841737	
5.422284	1001.84946	1001.87135	907.933295	907.955183	
5.432565	1001.97288	1001.99352	908.056715	908.077357	
5.44251	1002.09219	1002.1157	908.176019	908.190803	
5.452673	1002.21417	1002.23787	908.297999	908.321703	
5.462779	1002.33544	1002.36004	908.419271	908.435149	
5.472965	1002.45766	1002.48222	908.541491	908.548595	
5.483183	1002.58029	1002.60439	908.664119	908.670768	
5.493275	1002.70135	1002.72656	908.785187	908.792942	
5.503415	1002.82305	1002.84873	908.906879	908.915115	
5.51373	1002.94686	1002.97091	909.030695	909.037288	
5.523875	1003.06855	1003.09308	909.152387	909.159461	
5.534041	1003.19056	1003.21525	909.274391	909.281634	
5.544138	1003.31171	1003.3287	909.395543	909.39508	
5.555129	1003.44365	1003.4596	909.527483	909.52598	
5.564592	1003.55717	1003.57305	909.641003	909.648153	
5.574786	1003.67955	1003.69522	909.763379	909.770326	
5.584934	1003.80129	1003.81739	909.885119	909.892499	
5.595008	1003.92214	1003.94829	910.005971	910.014672	
5.605148	1004.04384	1004.06174	910.127675	910.136845	
5.615321	1004.16591	1004.18391	910.249739	910.259018	
5.625445	1004.28738	1004.30608	910.371215	910.389918	
5.635597	1004.40923	1004.43698	910.493063	910.512091	
5.645719	1004.53068	1004.55916	910.614515	910.634264	
5.655831	1004.65209	1004.68133	910.735919	910.756437	
5.665992	1004.77401	1004.8035	910.857839	910.887337	
5.676172	1004.89617	1004.92568	910.979999	911.00951	
5.686337	1005.01813	1005.04785	911.101967	911.131683	
5.696483	1005.13987	1005.17002	911.223707	911.253856	
5.706593	1005.26117	1005.28347	911.345003	911.367302	
5.716736	1005.38289	1005.40564	911.466719	911.489475	
5.726883	1005.50469	1005.51909	911.588519	911.602922	
5.736993	1005.62599	1005.64126	911.709827	911.725095	
5.74712	1005.74747	1005.75471	911.831303	911.847268	
5.757264	1005.86926	1005.87688	911.953091	911.969441	
5.767444	1005.99141	1005.99033	912.075239	912.091614	
5.777607	1006.11337	1006.1125	912.197207	912.20506	
5.787776	1006.23543	1006.23467	912.319259	912.318507	
5.797886	1006.35671	1006.34812	912.440543	912.44068	
5.808018	1006.47829	1006.46157	912.562127	912.562853	
5.818106	1006.59931	1006.58374	912.683147	912.676299	
5.830042	1006.74263	1006.71464	912.826463	912.807199	
5.840056	1006.86276	1006.83681	912.946595	912.929372	
5.851041	1006.99464	1006.95026	913.078475	913.051545	
5.860602	1007.10936	1007.07243	913.193195	913.173718	
5.870825	1007.232	1007.1946	913.315835	913.287164	
5.881003	1007.35421	1007.31678	913.438043	913.409337	
5.890749	1007.47105	1007.43895	913.554887	913.53151	
5.900912	1007.59301	1007.5524	913.676843	913.653683	
5.910982	1007.71384	1007.67457	913.797671	913.775857	
5.921118	1007.83551	1007.79674	913.919339	913.89803	
5.931408	1007.95902	1007.91892	914.042855	914.020203	
5.941401	1008.0789	1008.04982	914.162735	914.142376	
5.951641	1008.20178	1008.17199	914.285615	914.264549	
5.961845	1008.32424	1008.29416	914.408075	914.386722	
5.972241	1008.44898	1008.41634	914.532815	914.517621	
5.982093	1008.56727	1008.54723	914.651099	914.639795	
5.992093	1008.68718	1008.66941	914.771015	914.753241	
6.002184	1008.80825	1008.80031	914.892083	914.875414	
6.012284	1008.92949	1008.92248	915.013319	915.006314	
6.022568	1009.05289	1009.04465	915.136727	915.128487	
6.032571	1009.17291	1009.16683	915.256739	915.25066	
6.042685	1009.29426	1009.29773	915.378095	915.372833	
6.052851	1009.41624	1009.4199	915.500075	915.495006	
6.062917	1009.53707	1009.5508	915.620903	915.617179	
6.081832	1009.76411	1009.77769	915.847943	915.835345	
6.08661	1009.82146	1009.83005	915.905291	915.896432	
6.096309	1009.93776	1009.95222	916.021595	916.009878	
6.106466	1010.05965	1010.0744	916.143479	916.132051	
6.116735	1010.18292	1010.19657	916.266755	916.262951	
6.126767	1010.30328	1010.31874	916.387115	916.385124	
6.136874	1010.42455	1010.44092	916.508387	916.507297	
6.147012	1010.5462	1010.56309	916.630031	916.62947	
6.15715	1010.66785	1010.68526	916.751687	916.76037	
6.167267	1010.78931	1010.80744	916.873139	916.882543	
6.178159	1010.92008	1010.92961	917.003915	917.004716	
6.187771	1011.03534	1011.06051	917.119175	917.135615	
6.197864	1011.15645	1011.18268	917.240279	917.257788	
6.207996	1011.27798	1011.31358	917.361815	917.388688	
6.218089	1011.39913	1011.43575	917.482967	917.510861	
6.228272	1011.52133	1011.55793	917.605163	917.641761	
6.238454	1011.64353	1011.6801	917.727359	917.763934	
6.248532	1011.76444	1011.80227	917.848271	917.886107	
6.258663	1011.88601	1011.92445	917.969843	918.00828	
6.268801	1012.00776	1012.04662	918.091595	918.130453	
6.279478	1012.13587	1012.16007	918.219707	918.252626	
6.289223	1012.25275	1012.28224	918.336587	918.374799	
6.299293	1012.37357	1012.40441	918.457403	918.496972	
6.309429	1012.49524	1012.52659	918.579071	918.619145	
6.319662	1012.61805	1012.64003	918.701879	918.741318	
6.329682	1012.73827	1012.76221	918.822107	918.854765	
6.339794	1012.85959	1012.88438	918.943427	918.968211	
6.349889	1012.98075	1012.99782	919.064579	919.090384	
6.360061	1013.10281	1013.11127	919.186643	919.203831	
6.370169	1013.22414	1013.23344	919.307975	919.317277	
6.380855	1013.3524	1013.34689	919.436231	919.43945	
6.390923	1013.47323	1013.46034	919.557059	919.561623	
6.400571	1013.58894	1013.58251	919.672775	919.675069	
6.410722	1013.71073	1013.69596	919.794563	919.788516	
6.421351	1013.83834	1013.8094	919.922171	919.901962	
6.430964	1013.95362	1013.93158	920.037455	920.024135	
6.44111	1014.07542	1014.04502	920.159255	920.137582	
6.451211	1014.1966	1014.1672	920.280431	920.259755	
6.461325	1014.31797	1014.28064	920.401799	920.381928	
6.471473	1014.43978	1014.40281	920.523611	920.495374	
6.482079	1014.56712	1014.52499	920.650955	920.617547	
6.491843	1014.68422	1014.64716	920.768051	920.730994	
6.501903	1014.8049	1014.76933	920.888735	920.853167	
6.512027	1014.92638	1014.89151	921.010211	920.97534	
6.52211	1015.0474	1015.01368	921.131231	921.097513	
6.532487	1015.17195	1015.13585	921.255779	921.219686	
6.542487	1015.29193	1015.25803	921.375767	921.341859	
6.553893	1015.42883	1015.3802	921.512663	921.464032	
6.562725	1015.53475	1015.5111	921.618587	921.586205	
6.572854	1015.65633	1015.642	921.740159	921.717105	
6.583354	1015.7824	1015.76417	921.866231	921.839278	
6.593171	1015.90019	1015.88634	921.984023	921.961451	
6.60331	1016.02179	1016.01724	922.105619	922.09235	
6.613436	1016.1433	1016.14814	922.227131	922.214523	
6.623573	1016.26493	1016.27032	922.348763	922.336697	
6.633748	1016.38704	1016.39249	922.470875	922.45887	
6.643879	1016.5086	1016.51466	922.592435	922.589769	
6.654017	1016.63026	1016.64556	922.714091	922.711942	
6.664151	1016.75185	1016.75901	922.835687	922.842842	
6.674278	1016.87344	1016.88991	922.957271	922.965015	
6.684613	1016.99749	1017.01208	923.081327	923.095915	
6.694613	1017.11741	1017.14298	923.201243	923.209361	
6.704739	1017.23896	1017.26515	923.322791	923.340261	
6.714856	1017.36035	1017.38733	923.444183	923.462434	
6.725001	1017.48209	1017.5095	923.565923	923.57588	
6.735151	1017.60388	1017.63167	923.687711	923.698053	
6.745258	1017.72514	1017.74512	923.808971	923.828953	
6.755398	1017.84685	1017.87602	923.930687	923.951126	
6.765537	1017.96849	1017.98947	924.052319	924.073299	
6.775715	1018.09065	1018.11164	924.174479	924.195472	
6.787015	1018.22632	1018.23381	924.310151	924.335099	
6.79603	1018.33449	1018.35599	924.418319	924.439818	
6.806211	1018.45661	1018.46943	924.540443	924.561991	
6.816274	1018.57734	1018.5916	924.661175	924.684164	
6.826369	1018.69849	1018.71378	924.782327	924.806337	
6.836545	1018.82062	1018.82722	924.904451	924.919784	
6.846646	1018.94184	1018.9494	925.025675	925.041957	
6.85682	1019.06393	1019.07157	925.147763	925.16413	
6.866925	1019.18515	1019.19374	925.268987	925.286303	
6.877047	1019.30664	1019.31592	925.390475	925.408476	
6.888347	1019.4423	1019.43809	925.526135	925.539376	
6.897529	1019.55247	1019.55154	925.636307	925.644095	
6.907474	1019.67175	1019.67371	925.755587	925.757542	
6.917639	1019.79373	1019.79588	925.877567	925.879715	
6.927781	1019.91544	1019.91805	925.999271	926.001888	
6.937969	1020.03772	1020.04023	926.121551	926.124061	
6.948062	1020.1588	1020.1624	926.242631	926.246234	
6.958297	1020.28164	1020.28457	926.365475	926.368407	
6.968335	1020.40206	1020.39802	926.485895	926.49058	
6.978421	1020.52309	1020.52019	926.606927	926.604027	
6.997077	1020.74707	1020.72963	926.830907	926.822193	
7.001465	1020.79962	1020.79072	926.883455	926.874553	
7.011683	1020.92225	1020.90417	927.006083	926.996726	
7.021764	1021.04325	1021.01761	927.127079	927.110172	
7.032272	1021.16934	1021.13979	927.253175	927.232345	
7.042012	1021.28619	1021.26196	927.370019	927.345791	
7.052119	1021.40749	1021.38413	927.491327	927.467965	
7.062317	1021.52985	1021.5063	927.613679	927.590138	
7.072346	1021.65017	1021.61975	927.734003	927.703584	
7.082502	1021.77214	1021.74192	927.855971	927.825757	
7.092904	1021.89701	1021.8641	927.980843	927.94793	
7.102833	1022.01609	1021.98627	928.099919	928.070103	
7.11293	1022.13723	1022.10844	928.221059	928.18355	
7.123091	1022.25916	1022.23062	928.342991	928.305723	
7.141466	1022.47967	1022.45751	928.563503	928.541342	
7.145802	1022.53167	1022.50987	928.615499	928.593702	
7.155953	1022.65351	1022.63204	928.737347	928.715875	
7.166125	1022.77554	1022.76294	928.859375	928.846775	
7.176177	1022.89617	1022.88511	928.979999	928.968948	
7.186346	1023.01823	1023.01601	929.102063	929.099847	
7.196572	1023.141	1023.14691	929.224835	929.230747	
7.206679	1023.26223	1023.26909	929.346059	929.361647	
7.216796	1023.38359	1023.39126	929.467427	929.48382	
7.226931	1023.50521	1023.52216	929.589047	929.614719	
7.237057	1023.62676	1023.65306	929.710595	929.736893	
7.247224	1023.74875	1023.77523	929.832587	929.859066	
7.257316	1023.86986	1023.90613	929.953691	929.981239	
7.267451	1023.99144	1024.02831	930.075275	930.112138	
7.2776	1024.11325	1024.15048	930.197087	930.234311	
7.287746	1024.23499	1024.27265	930.318827	930.356484	
7.297988	1024.35801	1024.39482	930.441839	930.487384	
7.308063	1024.47882	1024.517	930.562655	930.600831	
7.318279	1024.60143	1024.63917	930.685259	930.723004	
7.32833	1024.722	1024.76134	930.805835	930.845177	
7.338419	1024.84311	1024.87479	930.926939	930.958623	
7.348558	1024.96476	1024.99696	931.048595	931.080796	
7.358726	1025.08678	1025.11914	931.170611	931.202969	
7.368803	1025.20767	1025.23258	931.291499	931.316416	
7.387563	1025.42974	1025.44202	931.513577	931.534582	
7.393454	1025.49951	1025.49438	931.583345	931.586942	
7.402159	1025.60204	1025.60783	931.68587	931.700388	
7.412289	1025.72067	1025.73	931.804507	931.813834	
7.422435	1025.83885	1025.84345	931.922678	931.936007	
7.4325	1025.95556	1025.95689	932.039392	932.049454	
7.442697	1026.07323	1026.07907	932.157065	932.171627	
7.452834	1026.18951	1026.19251	932.273339	932.285073	
7.462917	1026.30465	1026.30596	932.388488	932.407246	
7.47309	1026.4201	1026.41941	932.503938	932.520693	
7.49103	1026.62158	1026.62885	932.705413	932.730132	
7.496507	1026.68313	1026.67248	932.766959	932.791219	
7.505576	1026.78432	1026.79465	932.868157	932.887212	
7.515728	1026.89705	1026.9081	932.980887	933.000658	
7.525842	1027.00874	1027.02155	933.092572	933.114105	
7.535921	1027.11951	1027.14372	933.203338	933.227551	
7.546124	1027.23094	1027.25716	933.314774	933.332271	
7.557556	1027.3551	1027.37061	933.438933	933.46317	
7.566427	1027.45095	1027.47533	933.53478	933.559164	
7.576508	1027.55924	1027.58878	933.643072	933.663883	
7.58661	1027.66721	1027.70222	933.751043	933.768603	
7.597758	1027.78566	1027.80694	933.869488	933.88205	
7.606962	1027.88289	1027.92039	933.966719	933.978043	
7.61705	1027.98887	1028.03384	934.072701	934.082762	
7.627184	1028.09476	1028.13856	934.178591	934.187482	
7.637285	1028.19969	1028.24328	934.283526	934.292202	
7.647476	1028.30496	1028.348	934.388793	934.396922	
7.657587	1028.40877	1028.45272	934.492603	934.492915	
7.667751	1028.51255	1028.55743	934.596379	934.588908	
7.677881	1028.61537	1028.65343	934.699205	934.693628	
7.687957	1028.71702	1028.74942	934.800856	934.798347	
7.699101	1028.82878	1028.84541	934.912608	934.903067	
7.708303	1028.9205	1028.94141	935.004333	934.99906	
7.718478	1029.02134	1029.04613	935.105174	935.10378	
7.728563	1029.12066	1029.14212	935.204497	935.199773	
7.738654	1029.21951	1029.23811	935.30334	935.304493	
7.74888	1029.31901	1029.32538	935.402846	935.400486	
7.758957	1029.4165	1029.4301	935.500328	935.505206	
7.769069	1029.5137	1029.52609	935.597537	935.601199	
7.779203	1029.61051	1029.62209	935.694344	935.705919	
7.789551	1029.70947	1029.70935	935.793302	935.801912	
7.800442	1029.81147	1029.80535	935.895298	935.915358	
7.809649	1029.89775	1029.90134	935.981579	936.002625	
7.819787	1029.99216	1029.99733	936.075996	936.098618	
7.829892	1030.0857	1030.09332	936.169534	936.194611	
7.839951	1030.17826	1030.18932	936.262098	936.290604	
7.850774	1030.27711	1030.28531	936.360939	936.386597	
7.860294	1030.36346	1030.3813	936.447296	936.48259	
7.870911	1030.45922	1030.4773	936.54305	936.569857	
7.88059	1030.54589	1030.56456	936.62972	936.66585	
7.891108	1030.63947	1030.65183	936.723301	936.753116	
7.901807	1030.73396	1030.7391	936.817796	936.857836	
7.911119	1030.81574	1030.82636	936.899571	936.936376	
7.921142	1030.9031	1030.91363	936.986935	937.023642	
7.931209	1030.99029	1031.0009	937.07412	937.110909	
7.941369	1031.07769	1031.08816	937.161519	937.198175	
7.951484	1031.16403	1031.17543	937.247864	937.276715	
7.961658	1031.25032	1031.25397	937.334154	937.363981	
7.971806	1031.3358	1031.33251	937.419637	937.442521	
7.981854	1031.41985	1031.41977	937.503679	937.521061	
7.99233	1031.50679	1031.49831	937.590626	937.608327	
8.00315	1031.59594	1031.57685	937.679773	937.686867	
8.012607	1031.67332	1031.66412	937.757149	937.75668	
8.022735	1031.75557	1031.73393	937.839403	937.83522	
8.032821	1031.83687	1031.81247	937.920706	937.91376	
8.04291	1031.91765	1031.89101	938.001483	937.9923	
8.061398	1032.06321	1032.03064	938.14704	938.131926	
8.065748	1032.0975	1032.06555	938.181336	938.166833	
8.075924	1032.17699	1032.14409	938.260821	938.236646	
8.086047	1032.25547	1032.22263	938.3393	938.315186	
8.096152	1032.33319	1032.30117	938.417019	938.393726	
8.106363	1032.41117	1032.37971	938.494999	938.463539	
8.116649	1032.48905	1032.45825	938.572884	938.550805	
8.126689	1032.56445	1032.53679	938.648286	938.620618	
8.136782	1032.63969	1032.61533	938.723525	938.699158	
8.146867	1032.71428	1032.69387	938.798116	938.777698	
8.157082	1032.78921	1032.7724	938.873047	938.847511	
8.167192	1032.86277	1032.85094	938.946604	938.934778	
8.177272	1032.93552	1032.92076	939.019349	939.004591	
8.187449	1033.00837	1032.9993	939.092198	939.074404	
8.197538	1033.07999	1033.07784	939.163825	939.144217	
8.215717	1033.20672	1033.20874	939.29055	939.275117	
8.220111	1033.23738	1033.24364	939.321213	939.310023	
8.230335	1033.30797	1033.32218	939.391804	939.379837	
8.24037	1033.37669	1033.392	939.460527	939.44965	
8.250818	1033.44761	1033.46181	939.53144	939.519463	
8.260612	1033.51351	1033.53162	939.59734	939.589276	
8.270755	1033.58119	1033.60144	939.665023	939.659089	
8.280856	1033.64794	1033.67125	939.731778	939.737629	
8.290973	1033.71423	1033.74106	939.79806	939.807442	
8.301143	1033.78029	1033.81088	939.864121	939.868529	
8.31142	1033.84642	1033.87196	939.930257	939.938342	
8.321436	1033.91023	1033.94178	939.994059	939.999429	
8.331537	1033.974	1034.00286	940.057836	940.069242	
8.341723	1034.03772	1034.07268	940.121555	940.139055	
8.352262	1034.10303	1034.13376	940.186858	940.208868	
8.361933	1034.16235	1034.19485	940.246186	940.269955	
8.372005	1034.22361	1034.26466	940.307444	940.331041	
8.382172	1034.28479	1034.31702	940.368619	940.383401	
8.392262	1034.34493	1034.37811	940.428763	940.444487	
8.402473	1034.40521	1034.43919	940.48904	940.505574	
8.412597	1034.46436	1034.49155	940.54819	940.566661	
8.422769	1034.52316	1034.55264	940.606993	940.627747	
8.43283	1034.58073	1034.605	940.664568	940.680107	
8.442956	1034.63812	1034.66609	940.721949	940.741193	
8.461787	1034.74227	1034.75335	940.826104	940.837187	
8.466163	1034.7665	1034.77953	940.850337	940.863367	
8.476312	1034.82204	1034.83189	940.905869	940.915726	
8.486511	1034.87723	1034.87553	940.961063	940.968086	
8.496533	1034.93086	1034.92789	941.014698	941.020446	
8.507745	1034.99016	1034.98025	941.07399	941.072806	
8.517228	1035.03979	1035.02388	941.123618	941.116439	
8.527037	1035.09055	1035.06751	941.174384	941.168799	
8.537147	1035.14227	1035.11987	941.226105	941.221159	
8.547236	1035.19329	1035.17223	941.277123	941.273519	
8.558646	1035.25025	1035.21587	941.334081	941.325879	
8.567566	1035.29431	1035.26823	941.378143	941.369512	
8.577682	1035.34369	1035.32059	941.427522	941.421872	
8.587845	1035.39269	1035.36422	941.476525	941.474232	
8.59792	1035.44069	1035.41658	941.524521	941.517865	
8.609067	1035.49308	1035.46894	941.576911	941.570225	
8.626401	1035.57243	1035.55621	941.656259	941.657491	
8.630797	1035.59257	1035.58239	941.676403	941.674945	
8.640877	1035.63807	1035.62602	941.721903	941.727304	
8.651054	1035.68344	1035.67838	941.767269	941.779664	
8.661182	1035.72796	1035.73074	941.811794	941.832024	
8.671777	1035.77392	1035.7831	941.857755	941.875657	
8.681431	1035.81521	1035.82673	941.899043	941.919291	
8.691521	1035.8578	1035.87036	941.941635	941.971651	
8.710421	1035.93509	1035.92272	942.01892	942.05019	
8.714823	1035.9531	1035.97508	942.036934	942.067644	
8.725078	1035.99442	1036.01872	942.078249	942.111277	
8.735523	1036.03584	1036.06235	942.119675	942.15491	
8.745579	1036.07514	1036.09726	942.158977	942.198543	
8.755764	1036.11437	1036.13216	942.198202	942.23345	
8.765901	1036.1528	1036.1758	942.236635	942.277083	
8.776065	1036.19075	1036.2107	942.274583	942.31199	
8.786192	1036.22798	1036.24561	942.311814	942.355623	
8.79629	1036.2645	1036.28924	942.348334	942.381803	
8.806532	1036.30095	1036.32415	942.384782	942.41671	
8.81665	1036.33637	1036.35906	942.420204	942.451616	
8.826802	1036.37131	1036.39396	942.455141	942.477796	
8.836973	1036.40572	1036.42014	942.489549	942.512703	
8.847034	1036.43917	1036.45505	942.523004	942.547609	
8.857216	1036.47245	1036.48996	942.556279	942.573789	
8.867324	1036.50488	1036.51614	942.588713	942.599969	
8.877438	1036.53676	1036.55104	942.620593	942.634876	
8.887549	1036.56804	1036.58595	942.651869	942.661056	
8.897725	1036.59892	1036.62086	942.682749	942.687236	
8.907803	1036.62902	1036.64704	942.712853	942.722142	
8.918035	1036.65881	1036.67322	942.742642	942.748322	
8.928179	1036.68783	1036.70812	942.771661	942.774502	
8.938352	1036.71635	1036.7343	942.800181	942.800682	
8.948434	1036.74403	1036.76048	942.827862	942.826862	
8.958577	1036.77129	1036.78666	942.855128	942.853042	
8.968721	1036.79798	1036.81284	942.881808	942.879222	
8.978839	1036.82401	1036.83902	942.90784	942.914128	
8.989014	1036.8496	1036.8652	942.933434	942.931582	
8.999109	1036.87441	1036.89138	942.958244	942.966488	
9.009347	1036.89942	1036.91756	942.983252	942.983942	
9.019436	1036.92263	1036.93502	943.006462	943.010121	
9.029606	1036.94587	1036.9612	943.0297	943.036301	
9.039732	1036.96843	1036.97865	943.052262	943.062481	
9.049845	1036.99038	1036.9961	943.074217	943.079935	
9.059927	1037.01172	1037.01356	943.095552	943.106115	
9.070114	1037.03266	1037.03101	943.116497	943.123568	
9.080216	1037.05287	1037.04846	943.136706	943.141021	
9.090353	1037.07258	1037.06591	943.156415	943.158474	
9.100426	1037.0916	1037.08337	943.175429	943.175928	
9.11082	1037.11061	1037.10082	943.194448	943.184654	
9.120776	1037.12827	1037.10955	943.212108	943.202108	
9.130925	1037.1457	1037.127	943.229535	943.210834	
9.141275	1037.16288	1037.13573	943.246716	943.228288	
9.151158	1037.17875	1037.14445	943.262582	943.237014	
9.161297	1037.19447	1037.16191	943.278299	943.245741	
9.171409	1037.20956	1037.17936	943.293396	943.263194	
9.181551	1037.22415	1037.18809	943.307982	943.263194	
9.199579	1037.24791	1037.19681	943.331738	943.280648	
9.203913	1037.25367	1037.21427	943.337504	943.289374	
9.214042	1037.26645	1037.22299	943.350282	943.298101	
9.224264	1037.27878	1037.23172	943.362611	943.306827	
9.234371	1037.29041	1037.24045	943.374242	943.315554	
9.244533	1037.30156	1037.24917	943.385392	943.324281	
9.254664	1037.31213	1037.2579	943.395961	943.333007	
9.264796	1037.32216	1037.26663	943.405989	943.341734	
9.274934	1037.33165	1037.27535	943.415479	943.350461	
9.285129	1037.34065	1037.28408	943.42448	943.367914	
9.295204	1037.34902	1037.29281	943.43285	943.367914	
9.305294	1037.35687	1037.30153	943.440706	943.385367	
9.31546	1037.36426	1037.31026	943.448096	943.394094	
9.325695	1037.37117	1037.31899	943.455003	943.402821	
9.335825	1037.37749	1037.32771	943.461325	943.411547	
9.345914	1037.38329	1037.33644	943.467123	943.420274	
9.356045	1037.38861	1037.34517	943.472445	943.429001	
9.366167	1037.39344	1037.35389	943.477273	943.437727	
9.386378	1037.40068	1037.37135	943.48451	943.463907	
9.390733	1037.40232	1037.38007	943.486155	943.463907	
9.400823	1037.40558	1037.3888	943.489416	943.472634	
9.411445	1037.40855	1037.3888	943.492381	943.48136	
9.422222	1037.4111	1037.40625	943.494937	943.490087	
9.432341	1037.41314	1037.40625	943.496975	943.498814	
9.442511	1037.41484	1037.41498	943.49867	943.50754	
9.452579	1037.42002	1037.42371	943.503857	943.50754	
9.462766	1037.42002	1037.42371	943.503857	943.516267	
9.472866	1037.42002	1037.42371	943.503857	943.516267	
9.483	1037.42002	1037.42371	943.503857	943.516267	
9.493212	1037.42002	1037.42371	943.503857	943.516267	
9.503268	1037.42002	1037.42371	943.503857	943.516267	
9.513698	1037.42002	1037.42371	943.503857	943.516267	
9.534698	1037.42002	1037.41498	943.503857	943.50754	
9.539643	1037.42002	1037.41498	943.503857	943.50754	
9.550419	1037.42002	1037.41498	943.503857	943.50754	
